152
6432 9760 319 7675 1560 6320 2653 119 8710 6368 8488 8257 638 5725 4338 2286 9280 7418 5750 8408 6947 796 174 427 5616 2489 4292 2503 5406 167 9678 6441 1992 6646 7578 3467 7204 5926 4171 5651 8506 5027 3516 5665 1518 3404 6090 3681 8147 6299 9641 5902 5230 2353 8261 8829 8442 9082 2949 7912 2779 5567 4470 6073 5409 8529 7663 9322 5610 6710 7461 3087 3936 3704 5224 3013 8421 8902 8755 5496 7906 1257 9370 2586 7787 6108 6325 3966 4020 8285 9815 4300 9447 3042 2225 7040 8763 643 8478 5321 9531 1348 3773 5005 1484 8154 1540 3010 1236 5230 2955 786 7986 6730 6249 8926 1748 8362 8501 370 7903 4203 235 1711 8851 8006 2966 5934 3779 1502 6147 8342 9858 4911 1563 904 6761 9527 3113 5483 9037 5389 7885 242 2661 3837 108 1655 7271 4956 4889 3765 
2 1
3 2
4 3
5 2
6 4
7 6
8 5
9 3
10 7
11 5
12 10
13 4
14 7
15 13
16 7
17 9
18 7
19 15
20 12
21 8
22 7
23 9
24 12
25 14
26 1
27 2
28 23
29 20
30 17
31 20
32 27
33 14
34 9
35 11
36 35
37 23
38 6
39 12
40 10
41 17
42 7
43 25
44 39
45 23
46 11
47 34
48 44
49 14
50 47
51 43
52 28
53 47
54 34
55 15
56 44
57 41
58 31
59 47
60 20
61 16
62 9
63 56
64 42
65 61
66 57
67 31
68 4
69 23
70 29
71 43
72 71
73 23
74 21
75 17
76 59
77 59
78 64
79 73
80 6
81 23
82 39
83 52
84 49
85 72
86 70
87 64
88 42
89 61
90 25
91 4
92 89
93 3
94 29
95 48
96 68
97 26
98 3
99 52
100 87
101 100
102 100
103 8
104 78
105 80
106 50
107 10
108 99
109 35
110 84
111 56
112 82
113 87
114 99
115 104
116 22
117 42
118 67
119 64
120 3
121 36
122 38
123 74
124 117
125 15
126 67
127 11
128 46
129 69
130 97
131 123
132 24
133 68
134 3
135 38
136 1
137 96
138 26
139 52
140 39
141 103
142 131
143 60
144 111
145 112
146 144
147 117
148 133
149 130
150 33
151 109
152 9
111 52 12 70 120 143 18 110 27 102 116 40 109 3 76 57 60 19 33 117 144 87 58 134 15 151 28 137 105 59 31 97 14 69 131 115 72 103 10 140 67 81 104 80 90 82 107 1 135 42 89 29 53 44 17 61 50 106 150 133 30 113 142 46 54 77 9 34 38 16 26 56 71 32 83 48 112 108 91 118 24 123 78 20 127 45 121 132 98 2 39 96 5 22 138 6 122 66 136 145 8 139 65 149 141 101 74 11 84 114 93 49 62 128 88 68 41 125 64 130 94 79 75 55 152 124 86 37 7 25 4 126 73 146 95 51 63 147 99 23 119 129 36 92 47 13 100 85 21 148 43 35 
13 3 1 3 9 2 1 1 2 1 2 1 1 5 1 11 9 1 1 9 2 2 1 4 9 9 1 1 1 11 11 2 7 5 1 5 1 4 3 5 11 5 3 1 1 2 7 2 1 4 7 11 1 9 7 1 1 1 1 1 2 5 8 1 2 4 1 1 3 1 1 1 2 8 13 1 2 1 9 1 6 1 2 2 1 1 1 8 2 7 1 5 1 4 6 2 1 2 3 12 4 1 3 9 1 1 4 9 4 1 1 1 1 1 5 1 7 7 2 1 3 5 7 2 8 1 2 6 1 2 1 6 7 6 5 1 3 1 3 1 1 9 3 2 5 7 2 13 4 8 1 