1260
115 277 1250 277 1102 1114 37 1430 889 1253 1834 1945 1819 264 561 35 601 988 641 1573 1714 1005 1345 1185 34 1162 330 2058 755 1402 1769 1908 699 950 1231 37 2120 111 519 90 1746 1897 2134 207 1081 1556 1933 251 744 537 1627 692 516 1607 1745 516 1565 1415 373 1277 234 357 1563 1388 1810 2094 1324 666 346 1177 1959 1550 405 509 632 1334 1839 651 417 186 1580 1381 1832 1885 869 529 299 1841 1521 591 1263 783 1929 1166 1279 1866 1353 1235 871 1945 1270 1901 273 973 1942 1837 1556 1164 588 969 1043 1875 806 1598 1195 1105 1025 825 1536 1534 1572 60 55 48 693 1414 1594 1587 1909 1524 613 712 1840 440 1307 1334 1636 153 1491 505 505 913 1318 1625 1659 1741 1864 1557 484 509 1853 227 338 688 1419 2006 33 668 1284 1487 1025 1604 2110 540 997 873 625 706 545 1751 1481 1795 1531 82 1028 282 1847 264 688 1489 852 706 1620 1980 2064 882 1691 1422 729 1740 127 1611 1758 778 1634 1802 497 1217 1718 1224 1605 1784 1287 1183 1727 224 1941 613 1716 862 443 2036 1863 122 1253 1281 1630 901 1387 463 1529 96 851 1326 1904 1712 241 627 892 1292 516 356 1992 1232 837 1761 500 1561 1816 1071 1691 696 1351 1022 1035 1931 539 1543 295 530 1919 1174 2128 1476 2071 1791 953 1994 158 559 1710 196 1817 1481 1590 858 832 1626 1955 534 1887 589 1925 1148 1246 1653 552 900 1797 1319 1416 838 856 2078 528 1879 1864 756 1632 176 454 98 711 506 1416 483 481 1869 2031 1648 254 413 340 2021 1000 120 1848 360 1805 1455 108 644 1521 502 229 905 713 822 551 1665 1972 160 1987 1641 1266 582 939 462 696 1854 662 1495 1857 1588 213 981 1797 1965 1530 2056 1080 871 166 312 1091 826 655 1443 210 820 1159 774 710 1127 554 766 1846 1026 1705 949 984 453 190 1960 787 150 1617 2125 1206 687 1023 344 538 832 1988 2055 999 1598 314 469 1377 1025 86 45 484 1552 2133 997 2088 769 1579 1887 295 1780 148 1704 8 1851 1920 835 916 841 1748 1637 623 1491 1873 305 1681 1042 554 1580 36 811 1068 748 460 2055 1462 125 1334 2133 607 50 1381 4 630 1782 874 459 1473 1859 157 581 2045 168 1601 1722 1826 1938 1799 176 1134 906 765 1953 1581 2032 1347 1041 1448 388 1858 63 1685 1742 516 1764 1183 625 1778 646 559 686 168 216 1388 740 1208 990 740 29 476 402 1109 247 438 52 951 460 1962 1391 349 239 1468 1403 1122 718 1315 76 1683 1795 873 121 1661 1239 1192 857 1939 1062 1784 119 51 2137 165 1673 905 372 1 784 1827 2079 1239 1746 1720 710 1993 1554 882 1226 1804 1794 1661 1060 1395 1259 473 1612 765 1417 1914 1564 982 1575 1017 582 224 678 930 808 1725 1116 593 589 527 534 802 1855 25 1743 1332 187 617 791 1398 941 1255 1096 1314 1419 652 339 1083 568 931 254 2114 1653 141 1824 624 1328 1568 1267 362 2022 529 101 899 1518 1859 573 80 58 1132 964 1817 274 1215 1733 333 1086 1458 589 741 1519 1681 1252 1262 554 483 1918 1553 993 933 1917 749 1337 1745 554 964 2131 1452 1868 1343 1182 1595 1088 1472 1378 303 1248 2040 1834 1202 993 1788 1394 505 148 567 531 1885 91 1783 604 425 2015 1686 1099 355 783 1319 1354 818 297 1789 682 100 976 1717 1421 643 1562 1237 1805 619 3 191 1718 1728 1787 237 1488 1862 785 1981 1302 1797 1433 910 326 1673 1786 681 1177 1465 1499 1933 1818 819 1424 426 64 611 210 1667 724 876 605 1466 13 1099 76 578 1469 529 1845 1547 1472 814 1645 68 578 1439 297 1348 236 68 884 545 1324 1543 1480 1975 50 293 734 516 263 194 1765 1186 1718 1057 1312 315 1858 413 1411 791 1715 628 527 1479 1945 1295 1657 1202 1056 108 168 607 1202 101 1051 310 976 873 490 1563 1639 89 818 240 664 306 86 2117 829 457 2105 644 628 253 1211 1706 848 1587 1196 318 1703 539 1321 174 787 1149 123 2083 6 1288 173 1905 1642 1130 672 232 271 91 262 956 1961 840 1360 1617 1878 846 660 75 1815 1839 1638 501 1396 524 1638 1458 79 642 830 859 794 1937 1163 825 1061 1975 413 1639 277 1045 901 1784 2038 214 306 186 1188 994 1685 279 938 1798 360 2065 765 362 828 1879 390 1231 344 558 701 1618 1484 2030 1664 242 1348 1474 1570 955 1097 1938 964 1258 879 2038 1406 44 819 235 339 1815 456 1217 606 1865 507 989 1182 588 1622 1704 1668 884 1581 1610 1999 1720 443 1797 1065 68 2106 1382 1214 1245 1943 1247 2048 377 834 1641 610 377 961 1756 330 1135 1048 1787 784 2063 498 523 1008 482 337 1899 696 1373 1671 1210 1114 1649 459 1039 1443 869 1018 300 1232 737 347 237 76 987 1693 467 822 1547 2007 172 1207 964 371 363 1373 864 122 1890 73 1899 961 930 680 1146 1728 379 868 50 1038 431 64 894 102 1642 1705 749 1339 1583 1795 892 675 1767 1143 462 859 1441 502 1380 720 1429 261 1553 389 348 860 912 1529 638 786 2011 1397 1312 1694 1638 1699 20 413 1278 130 889 666 439 1822 1185 123 1879 1954 2033 786 2113 615 2119 351 768 159 1177 1914 194 1960 462 1772 568 1004 1993 189 1903 352 450 801 670 1216 795 412 360 814 1637 469 187 561 311 376 1761 1557 441 1332 91 630 460 1096 1123 1172 850 1534 409 145 1521 1942 1541 584 916 1642 968 1180 1575 886 1220 1176 632 1472 1515 68 2051 3 117 902 2056 1273 786 613 1356 778 224 1612 1067 1512 248 830 1730 173 230 1986 1317 1571 979 230 2093 477 334 689 463 2129 873 546 692 1382 1046 408 22 881 1508 1044 2098 1573 1879 1543 1055 1026 1549 2094 18 72 1191 192 131 559 2100 305 1770 434 1409 719 1890 54 847 222 218 1244 618 83 937 829 821 49 946 404 477 1855 128 153 252 467 1390 1882 1858 320 1473 1627 1414 1630 1617 235 1817 1750 1075 600 623 2038 684 412 1092 795 450 1351 561 1825 1002 1485 488 1368 203 1188 1261 842 906 200 603 1399 542 1590 696 835 1271 32 1090 1900 2096 733 511 1799 1985 1913 198 153 1086 261 1750 100 588 166 522 1963 941 1136 1917 1872 1225 702 128 683 303 1769 1280 1468 1822 913 203 1689 1685 2089 875 974 1468 1510 145 1265 433 1878 2027 9 1326 2096 1524 2015 1743 253 75 470 1589 23 820 781 1652 1752 217 634 1331 1113 559 1983 1900 1122 513 935 1918 1629 
8
1 653 1125 2
1 815 1006 6
2 704 1150 6
1 294 781 10
1 263 711 9
2 103 1241 10
2 904 996 6
2 559 973 2
