2500 2161
89431114 300506835 5
245468531 732378369 4
669571433 963167115 2
180038959 773033113 1
97148011 957756718 2
557255140 945816716 3
518948614 638080007 5
126460888 963103438 3
131237164 265167863 5
719625285 972374667 3
554657854 966804656 3
379363865 579997871 4
511226876 662140944 5
236509300 654866654 3
13484892 157712114 4
283954400 325879228 2
689344236 977831616 2
7208059 796113768 4
369094862 588337722 2
34162933 82894544 2
218017432 285582625 1
159402225 530366464 4
361455014 550833129 5
700151593 960540498 4
506604345 599589397 3
73032109 466582621 1
258192003 410535492 1
147256588 651602144 1
292036503 540795017 5
806473490 847997930 1
250845845 755204556 4
420889485 759599376 3
255096911 421891376 4
15998560 469887344 3
80926220 979637181 3
67173012 202127245 2
449031771 856095424 4
78565732 928794712 3
492224842 936785864 2
261319041 599885662 4
276905401 361132281 2
346858075 742147414 4
256696824 493981169 3
61942394 240058987 5
661208294 720656977 3
80938859 715923836 1
21173372 626721420 2
11177061 435907220 2
16983012 420886547 3
230135754 863078576 2
669887621 968579145 3
232398077 613188992 5
325615235 852848365 5
216246838 449752661 4
266892438 648707890 5
478039879 896423424 1
179394734 629684412 4
292164457 419982857 1
650674901 802991646 3
171585184 720977527 2
97250236 877553671 2
341610408 370809769 5
290568261 305449662 5
378490682 527496258 5
81191397 227675643 4
395323247 552182645 4
14154382 625348570 2
171104185 545262658 4
114849239 840965546 3
12778963 976342176 5
181577807 853023656 2
22033591 42402092 2
191283113 444970886 2
565814666 766875713 5
197878024 218289769 1
693938555 952079098 5
260603475 411571196 1
197041740 596573437 3
26246016 254677081 2
320944215 884839853 2
719740597 800535463 4
109957069 885774414 3
40694070 374331453 3
292246245 677402486 2
590602239 664675285 3
272358672 473324610 2
48732917 661388598 4
166701966 326270583 1
573829306 584691968 1
65974257 273662844 4
109479484 388999679 5
78775786 531652347 3
260743508 434113159 4
269908620 303962446 5
498333768 876674874 5
427608097 506714071 1
1846229 407574610 5
469031854 903997132 1
588788564 852959921 4
62845699 758410744 2
145451779 632146177 5
179427501 819674928 3
389142878 986434474 5
627799274 941653772 1
297167663 737677781 4
685569140 911965685 5
86174200 240063711 1
207225330 334690381 2
144871215 409602449 4
257003725 972362023 1
56214713 812261021 1
291221572 446438472 1
451639742 816085420 1
171623177 906021743 2
241041247 261829043 3
200006393 890573326 3
182390193 958802284 1
255024657 287072945 1
103718058 922209832 1
509058152 920992765 1
59505606 428544181 3
31122285 410696189 2
665927189 711275660 1
364848707 710901170 5
470188638 637375487 2
497856411 786557594 5
440415833 773841672 3
755421470 969354111 5
675565107 995387152 3
168695081 614537198 2
179930436 656149388 1
288194109 836034447 2
507753982 686100764 3
729070030 998822556 5
292736106 554066932 2
239012187 528690042 3
238139250 413477735 4
175043380 622936348 3
661503852 933125733 3
561009489 653639744 3
434639922 746377131 5
492089376 961343435 5
26766286 528871654 3
65660141 568373803 1
72824305 645788096 1
330159229 483771023 5
88541085 925252941 4
391813789 564590347 4
7063600 40339415 2
897203715 975980304 3
267183492 824625818 4
706863246 715758306 1
334642959 768272738 2
83510811 465241498 3
87786420 238874495 4
437634787 890488268 5
358740666 801690528 5
396926835 838918083 2
197896216 419928942 2
359011260 560418463 1
185836749 723377225 5
79684713 866783433 1
576950154 903935804 3
745035798 976390418 2
523814634 831992804 3
56711273 794721141 3
79130161 229896169 2
238564895 962176286 4
153208124 507720831 4
614103938 647439431 4
367886045 508412943 5
403012872 639865278 2
525899478 792580272 5
242974368 340139605 5
218372111 675687876 2
221664380 399960729 2
408091014 851031067 4
948395442 996907369 3
268691026 842759044 1
23804885 184647101 1
266535792 348646175 1
638578510 886067635 3
380847311 641613432 4
354945792 863359916 1
428183470 571782838 2
124546559 773868284 4
162505479 210518203 4
193250070 215545497 2
585236648 771836445 2
61819984 932384677 5
125989162 376962962 5
276945574 388138759 1
508736836 826929036 4
367558062 452153117 4
1716160 406261245 3
104556985 278622793 4
26530273 258254584 5
277717461 546245753 3
450621891 594783520 1
84056708 542098732 3
676113792 849644232 4
31951966 345938478 1
18212478 635547156 4
887128857 909443116 4
105282968 773897730 3
190835812 300355734 5
220039168 304112762 4
642167742 783088279 3
455971122 935209890 5
275572938 532673722 4
116793242 143901890 3
431157407 514111379 5
618440091 782052553 5
84481081 591540889 5
4587011 335484295 5
115855717 789402104 1
411357938 983259597 4
225602742 558569639 4
442741969 498308559 1
34285988 112732613 4
89402108 784507788 5
398139680 846413078 4
232602289 571046912 5
392075674 868855279 2
283212666 992124076 3
613325364 913260127 3
239516156 507984546 2
346758373 460851495 5
27581488 154874076 4
452647947 827426370 4
52711455 182211517 5
613299637 810362299 3
36890991 781881472 4
840899925 846574747 4
643895557 695099726 5
226271915 422071292 1
187310155 261987276 2
274366435 937288466 3
433752442 691859216 1
388927586 790174062 4
61909616 320618141 2
449033195 624159269 1
8288421 948810756 2
871084389 927215996 5
746199994 747173859 4
194292666 748267459 1
215865458 493770607 4
634089906 758866818 1
508102219 739620825 2
272703942 422106956 3
312542352 475673115 3
318340688 320507722 4
352208659 724507268 4
21084691 532420506 4
419643274 989026655 1
368529037 566503976 2
334308851 456559609 1
268256045 431896541 1
264502763 750000361 5
339807791 715367331 2
25288589 856156186 2
129362271 869269599 5
398994589 445743783 4
220899364 662337556 3
168061131 529048224 2
14991837 17775687 2
348037 894839042 3
133715889 585572468 1
613197818 869241124 3
577238861 704570292 1
121681362 886655491 4
103506108 974715349 4
395346230 725450252 3
79722812 604424532 5
450272486 568393891 1
373980705 559506313 5
242328103 838169659 3
660477911 879718513 5
358684448 663988334 1
145116339 710398245 2
363777568 816302304 5
358412322 860516573 4
142213775 424679873 5
315803625 834625590 1
160259663 572515010 1
578395420 679224812 5
337072087 632450328 1
252534515 387941676 2
124801072 150023313 3
55664024 695124975 2
293566157 789224613 5
43886628 165771633 5
243014092 309554701 3
338819233 712564870 4
593268269 749553058 1
208306527 463572229 1
31224476 382162293 4
788142656 857186654 2
173381696 641315080 3
206781029 749276105 5
434515391 644073188 2
636623689 669471708 3
262417464 297291947 4
348993186 548113121 1
732834203 954294990 5
298265920 762636315 1
375142298 768915802 3
189042609 393671230 2
325953996 408600200 1
379824225 731918304 1
281862146 359607348 1
247112614 587229332 5
844259982 926102619 4
144700665 528631925 5
41748148 863494349 3
11788951 322547220 4
269424007 888843646 4
191881379 335501009 2
436156149 582962962 2
53375732 745487850 1
136585274 439484091 4
184570640 869407051 1
163644938 247236868 4
531660358 625192803 1
350996000 798457563 5
334497750 713528722 5
454587387 990399695 4
370835729 563424819 1
242128137 486187920 5
746391793 874578849 1
249007800 498220300 3
213039247 253804787 5
278548776 359858035 3
765670526 972305550 3
407055916 439928221 3
282328153 401977486 1
332031604 478726723 2
362293228 525123258 3
866602634 914959796 2
144762831 683703312 2
389288644 427150078 5
281110709 536923138 3
87015697 351193666 3
272169202 303509225 3
481967780 892932982 4
107611635 688116207 1
280017533 863336904 5
133717214 519110458 4
178381500 525576146 4
26335354 257955885 1
42147331 854778947 4
406499752 865884561 5
26909847 537974599 2
166581865 661283753 2
539973262 920621415 3
554956381 760795143 2
668931668 827223681 3
164688011 940678295 1
63242288 876437091 5
36784746 176510598 1
282467405 316401068 3
67168296 677869366 1
544651270 595278868 1
106288606 784087603 4
230905506 830548981 2
262225682 963730466 2
127159957 276801112 1
30841601 409921249 1
601279540 983737822 4
506902051 833844019 1
311556259 655624903 1
706811558 734823231 5
180021688 742153186 1
285118856 427178542 5
379770770 798692867 2
384694588 657274739 3
300793318 703278212 1
523250506 526294108 5
269309609 439441534 3
751495066 988875378 4
103087690 199335062 3
490545686 756089031 5
131251067 307803384 3
511562976 655187388 4
217861765 403787728 5
319529235 785739139 3
370267744 709184791 3
185882327 967732260 3
92939267 509198721 5
166138907 928075088 4
251098016 386801963 5
4082336 593735652 5
232577327 825916039 1
625592299 776890702 2
428890337 792346332 3
780212430 857444999 1
179910929 875381100 4
813190652 994017476 5
627912750 851009251 3
758439910 887616878 2
127935791 498515234 4
519900626 551800926 4
128574893 376612897 3
683209293 741698273 4
209068026 430581223 5
71785721 433182327 4
219776163 387647527 3
104297690 820035734 4
365188851 477104227 5
208230100 459559139 2
289990044 753325964 1
232353829 623017458 5
842747222 952225143 3
357084250 455680322 2
220249529 643100403 3
125933671 407537444 2
136774119 968542291 2
38171929 272687750 2
142878556 492983076 2
1493839 677919398 4
230143327 292510729 2
187907158 879347481 5
78199463 127181382 4
19646176 801006362 1
11955212 313430573 2
53615034 462292643 1
928482005 990138594 2
58386806 567276891 1
224681715 762679994 5
453700122 740160736 2
252617544 429364015 4
844690124 870128123 5
331121767 961505813 5
125540864 775814052 2
116640963 229644899 5
198569596 739516570 4
784432616 806644237 5
318800400 428295856 5
574230914 735856514 3
386782853 661116923 5
496550009 799026885 4
116139908 436491564 5
41983191 161105600 4
252343720 503305190 4
124739340 671040284 3
166276053 255387063 2
569185120 984756369 4
368865906 432648379 3
186316975 836348859 3
271196931 437278171 4
13021305 309056546 2
165959266 903608916 3
1518421 973278147 2
169823409 263805086 5
29601204 854433347 2
557648674 602900839 4
594816577 922955905 3
170017240 284054014 4
255324374 350550645 5
254047480 883145891 3
188332648 961598243 1
154054468 550715089 2
926582492 985279054 1
125235141 851592437 5
312698298 988196800 2
546075223 701724177 5
433645379 579049786 3
163333126 312604272 5
623937688 906563395 3
141785894 727792151 2
682071004 734755636 2
449167964 879298253 2
896853367 967238728 5
303846422 582806420 1
706700919 840401472 1
548557710 941849937 1
105160411 587148067 5
46348234 323074044 2
24804994 363398157 3
1331366 283451519 4
76066238 601193763 2
839899091 957471952 3
182596202 600064440 3
75715546 862795047 5
167505804 193218826 2
105383380 859066655 5
351850305 406267440 4
98793391 907452229 5
389172262 478169667 3
99592219 289148027 2
200632803 364588605 2
9258187 638671779 5
70900459 879587576 5
455205315 763333167 4
37647758 282820098 4
640149788 792144798 2
147944652 821138413 5
16818120 476352886 3
707293790 740372949 1
115189645 130045900 2
512394123 998438460 5
161318010 972188621 3
656233331 870462766 3
164224987 165930523 3
176980625 645921092 1
333176454 843112385 2
814352590 978485605 5
51738594 139883338 3
263590053 504107416 3
700841262 786459064 3
253279591 679805584 4
171054868 986695314 1
344288355 837543705 3
557098812 698751643 3
94640470 756977777 4
638915149 710008181 1
392506523 398849045 5
969347891 980083925 5
183312814 510289520 2
521905220 937446310 2
517466900 980015808 5
299433399 527973820 2
248288737 864229781 3
2746604 606595262 4
3653439 267311941 3
11057550 321845129 5
165651829 746495615 3
23879586 553263765 3
512019897 629229407 3
478724903 717428899 5
667751382 818442737 4
73053741 609053874 3
104861175 929939353 1
102847892 129711875 2
172089950 223609165 1
26214037 643774221 4
280999291 518878464 4
736457555 975258765 5
61115721 382967106 4
129107907 582970402 2
147211935 473984716 2
545996227 864059249 3
49723603 303941696 1
75717780 682751739 4
841402186 976283039 1
272067324 500474823 2
191566770 319185988 2
204435175 730722544 1
416011705 939259849 5
221822634 761516132 3
64088199 964152466 3
159756903 680927494 3
158535809 209563619 5
610742825 843464364 4
303843398 383115802 1
466840763 953285895 5
400250473 966268071 3
97004622 909836736 2
30683697 667874693 4
170663116 385577416 4
350260377 483532143 4
123013375 846516759 1
256837095 750959507 3
253848605 629023243 3
530969631 852359295 2
81149481 931689335 2
552435758 912720744 3
590609909 962827622 4
188458355 403052039 5
140958415 171339757 5
143816216 191996073 1
780591976 869261874 5
588492014 901982328 3
70227175 226412289 5
29569329 446546072 4
181116198 884028111 5
291438703 814143009 5
191039790 439983026 5
166394714 800467562 3
72097734 287090823 5
292352523 635441730 2
174050085 194450726 4
334427937 670541329 3
9641875 917426853 4
807953338 958009236 1
557914979 641048143 2
373347660 501407134 5
285621107 996626709 3
337354520 495358599 4
566972845 850450337 3
492426806 640340904 3
229202773 783217594 3
153769878 804603210 3
127124835 988837781 1
185061222 868970200 4
14561831 537933815 4
33013008 640395277 3
269526824 636985035 1
193408708 899121260 1
167589288 707010704 2
357536975 742787944 5
121444992 638464407 2
124576234 271272770 4
485027136 678600350 1
216182027 802593935 4
560227025 699320511 4
28814867 779249146 4
133106619 507448822 1
128988376 413700882 2
372223783 712311944 4
184684632 507530987 5
497078668 911020736 3
329610872 934085722 1
345261229 787257627 5
552305779 583422464 1
156004655 555169442 1
125529405 237096787 2
32367483 290241060 4
822183199 955703441 3
560457448 880460539 3
672695921 879391731 2
193676375 294806376 1
378379268 922071044 1
364954251 922660464 3
306521564 579141371 1
646929148 792201037 5
90247635 575443632 5
295039667 735005130 1
297668255 405649794 3
60687320 389795833 1
284597417 340895056 5
892010040 921392815 2
550154851 556299093 2
265270592 377402166 2
799467505 841200070 5
211053291 541946400 4
237997599 880266243 2
361781381 373392985 3
69108374 311944721 5
89982315 131066393 5
572544151 693701420 3
156461132 231799842 5
132410776 510838230 4
194239154 388336229 4
228245577 715437153 4
400683208 701479546 5
655497157 908696929 1
185723609 575280956 5
26581578 994277666 5
662435852 941888943 1
282334168 578818380 5
164800661 297144295 5
592422261 938990375 1
290015600 543890464 2
31637992 608262951 4
101456800 649822708 2
11117184 764795422 4
812072 244431219 2
247025756 845466905 5
169701367 527372746 1
289204789 974096670 3
96057791 207891910 3
102516784 606273923 3
184975145 644702648 2
461032166 948411865 3
550160008 569738232 4
583814479 918121825 5
868736576 973383134 1
596545103 683051525 3
43086784 538292007 2
498862131 697701092 3
92387915 206284602 4
107318495 707273565 5
40071140 694211943 2
71577590 577400594 1
303184852 992986544 3
426045720 466596398 1
273236774 982210058 4
331447397 456922757 2
133001209 523817379 1
500387245 638891918 3
517438368 829316070 1
254203920 978413720 1
330510106 396358776 3
156461384 425036718 4
29113628 843220806 4
699589607 798256233 4
974877909 990194947 3
557868438 950045142 5
55325397 704705616 5
124708817 964547538 2
229816138 495908922 3
17965026 835308301 4
194429996 417354354 4
147669699 810149756 4
242833380 422502770 3
464260778 654114989 2
414451766 831642047 5
864500179 907587910 4
745539738 840157002 4
565706350 787116707 5
458199412 549764766 1
587631051 873739339 1
267325986 618909273 4
165271517 649288438 1
58836373 112869385 3
689374703 840502305 3
156585178 812244930 1
390755536 897057551 2
574981053 991433592 1
263212011 627804324 4
11221862 945904214 4
220485562 897936636 5
715340904 819470744 2
208441004 600859116 3
167832543 876158475 4
369777390 875239994 4
885012891 958623161 2
395973138 712178383 5
37627566 228146826 3
37161273 693748304 5
5781392 237967121 2
127831485 909264809 4
77236907 82665714 2
805416364 819914286 4
262396485 909210052 5
577632865 699173793 4
195186473 318171155 4
463826369 714552442 1
359208422 524407395 3
70400749 377051318 2
634190288 897784505 4
533671194 596314903 5
200286433 441448605 3
457531551 496094866 2
55319847 223816500 3
894475321 939854049 3
215921859 935870347 1
362984506 552109520 2
8293981 91478266 2
435194214 474860210 3
118655335 235515965 2
448436489 454028464 5
643016363 950119182 4
292009279 645341516 3
563666810 734701832 2
181774231 768546891 5
552040713 809476649 1
164038788 421503154 4
77257081 668921092 5
82795049 183985151 3
201094347 222481830 1
276143429 278069835 2
665575929 778056661 4
283547310 758643085 5
136444703 697827331 2
43293622 226482982 5
50449067 213711356 5
310656147 788374078 5
305380606 326674392 1
304496212 823843526 1
84176258 497988014 4
177560707 615625439 2
575173937 966125873 3
331767394 535558733 4
562538113 609474544 2
631849994 756655437 4
283363212 400494851 1
45455627 83561372 1
286084120 504586607 1
396369314 558593326 3
285027580 458061076 1
359345332 617176562 3
153365834 894316585 1
250507400 819250721 3
19810163 607723491 4
454364774 629001977 3
353362062 811035332 4
122083595 410939869 3
183749023 324931805 4
265662920 641101667 3
367024787 958901120 1
765195881 997648373 2
587810476 883300596 5
443248504 471998896 1
111122551 673036542 5
444741518 889656337 1
265896248 316638466 2
135115749 386756755 3
110811021 136455918 1
55854296 91195396 1
121464752 143874389 3
536344259 754584215 1
260553284 402752174 5
227350682 761756699 1
12338079 458287556 3
97402574 822328792 3
350112538 666745997 3
242911411 268346880 2
165520417 560838951 4
418966181 830782582 2
427992111 662160476 1
77586279 290324820 5
149869223 440183973 4
156556161 977484534 2
244362308 330808506 5
240862034 653947047 2
586305461 978813074 5
400876280 938375864 2
199024037 211964849 4
605188625 658601700 4
63998772 675335164 4
78009413 795682903 5
36980902 774447311 1
304039841 797577527 5
646743633 790672975 4
81898109 218895673 3
214167515 321598865 1
255814736 362836036 5
238960754 573436754 4
6866092 359502689 4
293883678 644159858 4
126057760 141682583 4
20891479 772826646 2
495619807 667489688 5
474540287 662223119 5
170343211 406687540 1
806399034 940237551 5
216542204 605912480 5
281498635 817927662 1
183801775 299783554 5
76637578 334277820 5
734038519 968833554 4
200375929 871076771 2
245995544 948817226 5
293474810 402595907 1
232985305 544871923 4
666136460 869919632 1
517883420 701283462 4
486151836 932100056 4
305925482 567224307 3
11172872 483562090 5
51393838 420539993 1
48321301 279650555 2
206645135 819346937 1
34046700 475841021 5
694715649 930563178 5
152820871 156115634 5
695916463 851379900 1
826330742 866440490 4
324193917 704565729 1
627788548 665318006 4
283313968 555130719 5
296330843 344336010 1
799982442 917842668 4
24773802 596409873 3
476514627 634341994 4
174305059 364407305 2
81652775 331227330 5
180761664 632841544 4
305010371 380969796 5
396175976 830709655 2
29485030 933376313 4
706572272 830551346 5
352695786 435384101 3
13459429 392427723 4
400613354 846736716 2
350690209 923955462 3
121169246 434031488 1
360931807 859359601 2
518220310 821746965 3
441740720 641919423 1
11796983 714066754 5
310931090 438276723 4
94583898 473340423 5
40413625 366036073 5
175099746 360464654 5
231427907 941790722 4
659831923 954875973 4
72400879 314705630 3
580044743 947312858 2
577353028 909543042 3
379276486 780733366 4
383938267 433514493 4
540094487 999873795 3
35759524 365560984 1
90855180 693769579 1
393144653 611435451 4
91509533 362972616 5
530959433 863136370 4
197907937 762629392 5
677139043 962300305 1
268937979 582365761 2
567999675 954072214 1
201617767 753951770 5
196249205 269408385 2
108931224 667634280 2
171616827 839510545 4
64791784 404084631 3
136402835 180928069 4
561343171 620476140 5
138418152 479339053 2
649479599 878273935 2
98792854 170644588 1
31939824 583179861 4
536769974 538969281 5
564361765 753931864 1
711552015 975198214 5
395470578 545445854 5
291433557 334804037 1
75314602 734073365 5
411800819 587492555 3
197658250 533399238 4
333343619 998178880 5
227012367 676183951 3
640738309 708018319 3
438441660 627904104 5
514348935 930009856 1
198905852 438720987 3
158677638 466344227 1
953115123 991602425 2
308277494 603401909 5
489820199 842279347 1
143326195 148143226 4
199132094 334882076 2
396829563 484840780 1
188210087 480297761 2
838673673 846169717 4
138489565 695035270 4
725617084 820840515 3
61077752 735102734 5
199387925 248738299 4
158903733 558892156 2
636715153 860584975 4
104605340 450419966 3
567418926 663285521 1
313395425 802637561 4
443469640 951642298 5
46253366 479375153 1
537625837 576881739 5
710560888 803486364 3
305381375 690019345 1
629495114 915637270 4
406985841 534756090 5
583604805 589380536 5
240914869 559884535 4
582263710 770002067 3
569617590 956126262 5
398792557 549049200 1
629601464 950728182 1
400939995 441523234 5
318624996 458322874 3
56970044 664431584 3
488660763 958250038 2
102853595 602493779 2
535896559 673909765 5
56620040 217402983 5
26523232 203746948 5
98429206 803767164 1
7317038 856754341 4
102089788 900210382 5
535004518 624647401 4
377943577 691107946 4
818453741 951495138 1
301346114 334308968 5
128745480 326874890 1
203372631 361418197 4
191436171 265012802 5
392624598 859851012 5
186804595 829666142 2
186082441 970287865 3
9697963 252585909 3
188048886 394960822 4
56316051 600590890 5
22563952 437462905 2
520456957 594993234 2
186273196 616752678 2
64089237 769433094 4
82662501 306862492 4
531549670 588364978 5
141809274 582130141 3
432995281 479478152 4
146170195 583992198 4
284110713 396738570 3
50140764 616101429 2
363919340 493642252 3
13515322 314014795 1
253041234 957948878 4
24551260 144296055 1
150088156 406619175 1
132976651 710983756 1
362908881 880892652 2
422049645 500774993 1
201018489 834003076 5
83656918 546672558 2
184800982 620175912 3
183820220 707136877 2
486905175 692042423 1
26009930 244278015 5
87392585 267387874 1
39824587 740233906 3
40781568 126617812 1
300375208 354465250 4
801705908 941063424 5
75647640 493739066 2
14857828 267105337 3
298838068 549142099 1
371888862 647211654 1
767184685 983655994 5
57572445 58818487 4
175721120 569730765 1
65887521 357702435 4
717173451 826017650 4
116776131 257685795 3
104396189 174040884 5
68450376 316292211 3
289230995 339063515 5
92866553 617925425 1
116257345 404181995 4
467695357 894730059 5
206017798 937836024 3
209629624 914368307 4
920113314 953306985 5
737666911 756712699 5
130196407 206843082 3
304067880 684699450 2
276568456 651650376 2
100499213 178438428 5
606705998 978741193 3
38284950 150953640 3
121167749 340417363 2
764294802 881112921 3
74841715 807740603 3
769393391 885448537 4
463268591 901858415 1
30099369 576594187 3
150535617 290434439 3
138631939 661553824 3
399884868 782951785 2
174347342 894398238 4
236591744 272203558 5
14445333 212851958 1
185204704 632003501 1
6323440 543180321 5
547578341 989816643 5
660695213 887312147 2
550195764 831846983 5
27075744 342208228 1
3838958 73842798 2
662276760 753481280 4
300441733 577516654 2
106017631 315624140 2
488268567 818237846 2
69286825 603304512 5
151082095 197463337 3
319780834 374000438 3
509878252 751428672 1
296607862 581361966 5
490494605 988684719 3
351166104 837227799 2
143532368 498832766 2
47739882 879851426 1
688225198 736241119 5
224361830 541068048 1
18004092 520137501 3
175657807 577298163 5
221690621 606485262 3
118819892 778429039 4
767094164 997872909 1
519883416 858089088 1
564442222 746860338 2
150447253 966465817 2
298055025 763901218 5
60386584 863767605 5
657589124 956830362 4
627163234 969099194 3
39042767 105012699 4
309020884 948010606 2
541286343 581847428 4
348295621 515767987 4
125609752 853382828 5
979729823 988718572 5
235892555 632209209 1
323440309 876668824 2
278386535 357898164 4
402504779 720192828 4
368660284 405289751 4
682619412 744075848 4
411833911 622389249 5
279190444 989699905 5
164889504 311873662 4
404281607 979324483 3
103915576 359385571 3
14292046 944181376 2
133237738 639030819 5
554326871 693990300 4
544202762 798528796 4
498520884 529470140 5
17404110 621527651 5
710445401 979232850 3
628125116 830868666 1
191663431 542910453 3
306891742 419609361 5
76582593 637195376 2
423466087 642278475 1
436591624 590670561 5
519462849 929687809 5
529646636 570711818 4
681425605 905781710 2
475277785 837099075 1
234127050 622878534 1
149813309 760879187 3
53783425 409250463 5
327850625 597747640 5
39310506 331810848 5
21487466 971673959 5
252936579 505893034 4
285070125 386278479 2
71974611 264360854 4
74264757 893430211 2
832771085 898196343 5
358182606 825878127 4
489918242 575507104 4
361694962 628695123 3
443690284 648258829 5
15445072 893048842 1
153917300 346225192 1
711442515 977118208 3
182406434 462408255 4
439504200 865063788 3
560561487 622278805 3
494254932 735885757 1
260801010 888416425 3
348707281 352612725 3
9752574 672363434 4
283209622 674127808 3
265147275 450302865 3
52588105 423279837 2
18108847 966471017 2
123712501 477991516 4
188187123 283797508 2
312190902 829899061 4
637373430 893263727 1
313123866 829986451 5
359320561 781098809 3
59486197 701112945 1
606418863 683257018 2
372671312 957713439 3
322167943 699542710 4
521597001 686062510 2
451591824 819727504 5
146118123 212469580 1
329275348 867497462 2
295369962 666865962 1
471709157 878562326 1
220390414 521675301 2
216306610 248959673 3
402521505 460848102 4
368793123 524063854 5
73773223 235980532 4
751005476 877347407 2
101917003 389977333 2
84854002 598173370 3
562175218 998317866 5
113638804 307692025 2
13158301 35589902 2
113584 334098843 5
397989701 660839717 1
21498579 852162657 3
463041287 684911038 1
47025090 100587863 2
133726581 267869535 3
860422544 932936304 4
213308713 589419671 2
223056458 515041872 4
290548067 507911478 2
236623349 674560725 1
140675061 773440517 1
821262275 936121858 1
51904771 864319243 2
641678203 711891496 3
163136395 530755300 2
832849288 887347776 3
793653266 869235906 5
69453720 386453883 2
137297199 797423360 3
9814381 690119537 3
444090822 997736360 5
528541331 552633117 1
149454144 792988250 3
262848576 693402863 3
214240477 974255018 4
113665971 566209386 3
712034675 933084745 1
47290167 435551050 3
61208305 84873398 3
533054474 685287826 1
38860306 452885628 1
306496149 982270638 3
7750654 293980406 4
123019868 684173093 2
191813570 415340703 1
34433457 266086887 2
582075239 739162019 4
4535748 520209583 3
13359444 217925772 5
131396544 715396300 5
547613303 854904094 1
93111937 978884912 3
417813828 498124300 3
90357379 904138097 4
212374040 404430989 2
730136478 940959736 2
258266603 571957193 5
317647969 724617728 1
260024118 757254936 3
392792313 862161673 1
25528637 177766375 2
268177439 305168676 5
508995603 712500061 1
86614604 766665024 5
135445991 648443787 1
80881847 270144617 1
179863988 715753539 4
588458873 998036644 5
277332851 400008657 1
618278778 784919503 4
872767009 934369488 3
454839630 636153299 5
288440213 902970431 5
201558407 980887291 2
530325464 988270997 2
110363210 835444203 4
86935249 552429472 1
485931209 647798223 3
58562812 787761383 3
478975260 893325975 2
40095854 140944991 3
146658109 832643705 1
355962072 852804617 3
613569419 952906073 4
367404399 515695417 2
299639879 924771393 2
14742671 877379587 5
214218630 297367568 4
526039474 798683719 1
421669644 865293205 5
349810255 962303472 5
566258663 609157482 3
614900691 658509951 2
520406974 628621537 1
49404896 135322404 3
133699276 802971635 5
385441486 439399397 2
610188709 901078460 2
85544596 946946531 4
495787082 505275080 2
236100941 783303670 3
160019704 215669674 4
333742480 722589377 1
206379898 711596457 4
429019668 741442236 3
512472415 939465342 1
607091563 875858874 4
432307373 612492842 2
30125888 43461941 4
82027689 701472612 2
190217711 268686449 2
137779761 767798876 4
724546944 909072524 5
409949138 984056273 4
121602900 191099252 2
40096923 877930407 5
49273440 775263841 1
589188120 741327045 2
162240767 485322016 1
276790630 344102154 5
186500992 511284773 2
252598534 468609217 3
326404384 759208746 5
284291662 358872012 4
129537643 261384072 2
414096992 699489684 5
245087566 475329062 4
209707226 256509154 4
282551852 636974993 5
152349171 378795461 5
632939212 894158208 3
157765951 657366813 3
245313948 671728477 1
184606272 434123388 2
276986364 362968144 3
272452254 528212541 5
449824718 556009512 5
69098045 804966645 5
11864517 637327074 4
56739883 967513193 4
315795222 821216593 3
619030118 982798563 1
352988323 965617194 5
241981098 345979204 4
211617960 232501672 4
200780581 757003718 1
349565281 837648451 2
285552119 648243642 2
49415707 345193552 3
412252221 902485457 5
181388571 814868004 5
709102889 732193021 5
139512026 902004675 1
234954372 297499656 2
366182218 742651035 2
134698189 438274363 4
528468823 737377775 4
50809268 254062913 3
171880841 935789653 5
566117032 781448822 3
241931192 334944418 4
653253542 969194025 3
126007620 330079006 2
523465900 612892393 2
110286747 887682555 3
494910701 597733106 4
373573990 576545621 3
6871908 930284704 5
730716297 851537116 3
314619760 845955367 5
13878031 656227884 2
132382940 739556592 4
761145779 911485516 3
748882328 755306552 1
754217358 845264232 3
610675906 764948083 2
379770598 468289616 1
47054495 388803660 2
57267934 172580830 2
106678760 382492049 5
564385135 764496863 4
188291134 842011077 5
274572698 816241867 5
46124168 887754552 3
57872588 591482089 3
899220221 915838011 1
31353510 168217290 2
239444948 959044831 5
75454353 155256540 3
49463555 546169369 4
808127687 967539681 5
650298385 806518607 2
408611180 768499193 4
124102871 192222035 1
17098061 748888073 1
311597247 749714686 5
278191022 399206934 4
308449327 533951683 1
14280550 129503908 4
685398827 769185034 5
585993140 994668377 3
649706219 740450593 2
209856539 630310223 4
130315680 576601713 4
31876314 973895174 3
3476984 816337511 5
34101257 256551852 4
122457100 614748401 1
439038432 830482583 5
195332997 344082959 3
604323703 817952038 4
474760353 788887013 5
33586767 867997509 3
156574628 714556741 3
506495810 914682381 5
42690668 135739524 3
128598454 216983220 1
455670271 852088495 3
663535414 670843370 4
700323229 985260933 4
478602924 917295718 5
690033800 705741095 2
245781078 602091481 1
73839494 649940778 1
26276936 295323257 1
373255321 581394114 2
37352056 562451399 3
850203403 964528599 3
157830772 927643205 2
508481950 533193301 5
182611089 386838150 2
157582095 718689197 4
426652558 924012269 1
447904218 628043961 4
511147274 583308826 5
316769902 708304314 3
444840784 607616740 4
121455196 844666431 5
73312993 312775491 4
341937437 745395071 4
128333908 856885989 1
207672333 827076728 1
23671684 334401454 1
386236933 914269763 1
764444601 932093010 1
31884477 641490637 1
11752377 274081594 3
274199477 678344690 3
56905607 389657779 2
22512925 757542791 2
282001012 735300643 1
253280657 274024065 5
298987312 596831893 2
106803784 991638465 1
272369568 836456150 2
223563470 987504091 1
127344964 245947827 5
239825657 781058128 3
484889456 603629262 5
55319736 597738411 3
546175556 633618359 1
27361649 752228654 1
417195380 718727256 4
247941415 345496265 2
86751333 817643950 4
364111358 405794918 4
319241437 621526547 1
150138651 619899636 1
251030252 378436891 1
354691264 473321454 3
262694388 330767312 1
191739345 496992763 1
266646233 647552434 4
466659440 574867506 5
239325421 528852461 5
95347761 361507967 5
954643723 978943541 2
65729958 511911941 1
20223923 49569632 1
485024356 579003812 5
348175652 438299761 5
219412395 960178794 4
873717817 940777234 4
546240414 955560764 2
435941841 976725120 1
221575753 727072828 1
473334842 538852232 3
814394968 903588958 4
738868495 792804822 2
949697225 993404374 1
102925292 858085471 1
204321061 990487404 2
216185444 670859234 5
275473931 814510188 2
859674675 921875055 1
648002374 653054587 3
742388721 807309315 5
405010948 725579059 4
31331084 554693106 3
437061828 571983665 5
729605401 914808759 1
271623160 858638977 3
274036131 856364894 2
311700011 876967626 2
62533982 106932190 1
373943212 772869747 2
189250238 740657386 4
594253061 723016669 4
512596537 812734143 5
131521240 545861401 3
346735817 848007268 3
173082428 840899696 5
356221040 923431757 1
229919001 781781674 4
142524211 240552590 3
760956483 816272686 5
416531212 827963691 2
322997350 523943335 5
170696125 392878116 2
636136444 701723989 3
56089647 147070048 3
180461097 381422204 5
510861396 872728527 2
582954475 984273660 5
354982718 471406520 2
205413603 668666260 2
131574211 787381381 2
75057863 493381293 5
367155979 736621901 4
285172415 876975735 2
493406669 733293801 1
464846448 918017311 2
125296471 631431960 2
148538445 356191088 4
140279652 637394698 2
312645515 506317576 1
5301089 87239022 4
688880101 984460152 3
93573190 444422388 5
760699115 841413139 1
201961058 747399845 5
199081154 254510410 4
523304406 587330043 2
87040739 136553141 1
171706014 468917018 5
242908029 807082320 5
627984668 831919720 5
50224929 486051722 4
703796723 982376178 5
247893896 685263540 3
113217584 494740994 5
808103630 854631577 5
397554670 687054040 2
652222565 940568308 4
4572280 746178480 4
690577267 787617137 1
401683810 718322340 1
310434517 745590855 4
6324800 708440595 2
104174075 460438224 2
198123319 990082532 1
135609905 210228676 2
248824745 421220140 2
159455979 927063227 1
145830635 962351727 3
57957081 682198345 5
691647342 738631072 5
263364196 752440900 5
365253280 897280947 5
639444131 824660917 5
481248376 834437109 2
373395079 625077519 5
717924190 751284583 2
383887344 885399043 4
128024253 319965861 5
493351153 631159268 1
16780392 322616894 3
727604914 753150527 2
356825515 662172050 1
325311353 979413518 4
40861091 599784500 1
269716173 469468634 5
319537913 633972034 3
461832636 908741951 1
132856658 150303361 2
253817588 365947390 4
1132559 970868148 3
46509739 631591007 3
58422679 532782572 4
415828901 428755657 3
491808914 576148584 2
73059564 777767647 3
374124449 748372064 4
364681183 603796784 2
519082050 991803704 4
949292494 994198191 2
587014099 756930442 4
68680539 73469488 2
512561504 763303977 1
98801669 868951362 1
592168937 945900759 3
194172924 598225587 1
83945161 126943754 2
171044656 886905765 4
55982730 696994500 2
116348693 195691697 2
501968262 874893003 1
93376368 303114306 1
58861028 878693652 4
16674466 973583131 2
462639499 806529631 3
25192239 269945162 2
59001737 600668123 3
470549167 823488407 1
282378352 576097938 1
285024514 464804464 1
198353931 264423254 5
425912947 607086854 4
233623758 614253587 4
550707345 799702453 1
507499458 726103178 5
116436939 181591378 1
633895286 934473452 3
595986041 729077672 4
312177389 396736958 3
171349944 961167857 2
5546108 946894076 5
498697761 670085159 3
236065655 970818404 5
567915432 971841879 1
850314655 883576443 5
180508948 519660059 5
311354238 618524229 1
145822582 890730085 2
97958109 943565794 4
102134068 531676390 1
369868315 968898470 4
211252184 753910943 2
1826123 312756280 1
487969492 969505889 2
340558266 482685419 4
168830938 641361412 2
484343907 824311029 4
326579231 644817705 4
78286045 79754520 4
101647102 237732298 2
418688148 808226230 3
274303040 596578122 5
305013841 693332580 4
461839134 833018913 4
203811702 251726907 1
698115513 742771979 4
284040461 430735786 3
103361338 166012900 3
69773691 658135972 5
28742795 80272488 3
572317137 936133988 5
217025325 967370853 1
80090698 176481778 5
187177572 502414956 5
371333743 587132537 3
55482707 141929044 2
88762317 541941518 3
831485910 957688680 2
223890568 439791992 3
363024491 385935354 2
393224840 668209266 1
608242042 789448064 5
396070478 753714843 4
59324636 351735733 4
51294032 624984586 1
498910010 659685215 5
665768144 974711907 1
317038923 839939072 5
86911149 484865705 2
58308801 111802916 4
443171870 542918569 1
106407742 295648719 3
733504479 844385910 4
718758385 730615440 5
149194730 788070073 4
577585018 917530437 2
282984392 767498708 5
359350667 548217912 2
593627137 928781548 3
278487938 925813099 3
908441701 912045061 4
169997105 445889081 2
79140302 819317863 1
525027625 882393840 3
642614207 911794102 3
602923403 968582635 5
260274202 934912839 3
833716837 925558734 2
244233911 382471617 4
21712171 404988508 4
171824710 478801502 3
653507956 852641123 2
419353288 737199543 5
189460452 280721605 4
57017553 156806640 4
402872439 444198825 1
28955842 239795966 4
647850116 654653945 5
115983314 552526627 3
833987356 952138429 1
44219946 323971254 2
2425962 794688615 5
279069 756759440 4
78317935 79564621 2
177503043 279351042 2
232233206 816718322 5
576180502 658020718 2
739554758 765907153 1
527910131 975420270 4
796880767 928701457 5
918986120 942669444 2
236091753 944519400 4
149538440 405916538 1
236067486 240529265 1
700771100 871370888 5
27061114 657986308 4
178427313 300098336 1
147914980 844306815 2
289368175 806970597 5
543529889 883659587 4
73965112 122535338 5
341204516 530734718 4
15278119 497892061 5
92221614 604911723 4
1941823 214215870 2
51212125 566923391 5
207832437 256261947 5
349679495 388725067 2
517979324 816885965 1
237529654 621175630 3
145395558 308942203 2
277206300 301832169 3
687640134 915232735 5
242668716 753085249 1
600650191 718675771 1
279557628 829816799 2
17109381 108691430 5
685248079 855064734 5
234780788 416177963 1
666637378 715389138 3
115461169 494565100 3
538731939 768111778 3
611914532 792175223 1
702341006 786101482 2
302122607 585574274 5
402994723 901220119 1
31234732 479610936 4
44055880 667730596 2
595581059 710497298 5
17910312 399834201 4
531468287 829649056 2
44526136 481132903 5
277132735 299692610 3
625677351 835318309 4
206029678 807925569 2
245750844 651474120 5
692881281 748246020 2
214849969 560663247 2
41118803 106849981 2
56331360 375900456 5
9326753 775192127 5
90974006 994772168 4
466918406 719846095 2
71832874 628374088 1
512624766 669002216 1
69856596 518102082 2
103988288 733332286 5
179971442 729082930 4
459234867 957420316 4
427681126 460221458 2
288875556 488172270 5
155941387 975833938 2
541997839 987247100 2
519875691 911564780 5
109147805 175614903 3
471047799 690542832 3
257411551 756117824 1
109257496 667123898 5
687602826 730557022 5
384483439 844260958 4
548523726 869015938 1
736151776 813632902 1
234785972 498277475 1
488083622 910715209 5
36324282 231137752 3
234673405 529625594 1
303494373 547551484 4
580501256 736242728 5
51468360 626246247 2
598211885 778521395 2
39911910 249634414 5
343878857 740679364 3
161589857 935380150 2
80707682 780699895 5
39095192 245099139 1
178651585 767000032 1
635579769 896532046 5
49314114 735308885 2
390939829 781344235 4
535290136 965853724 4
173269229 915144097 2
40597041 921295632 5
793658599 823553818 4
131683723 977573814 4
250149710 983254161 2
2446774 738096358 3
197254092 449275636 5
230390746 336302008 5
192019484 780649828 5
130418710 408061893 3
466955817 518539917 2
269741724 701321440 3
445240535 504712914 4
90695802 863956013 1
340972716 644833178 2
410339099 727510073 4
135051775 321484419 2
341950353 542734489 4
6004128 11342681 3
46332793 926975327 4
591378146 943246450 3
246231162 253560029 1
19736264 308686276 5
457078183 933119945 3
3968514 79086499 3
455490428 842379631 5
65421869 267114329 3
282522509 716661640 2
145517868 289528499 1
57402790 628497740 4
279147013 553234065 4
473153091 531768380 3
330707819 827208653 1
421105948 478487065 4
69808973 661006764 5
763205414 908894293 1
39632142 84129487 4
18438894 404001199 2
114774906 920273928 1
286377638 976415087 5
242937725 439698344 2
835743152 964412859 1
455906816 847854393 4
47854247 768779255 5
133678077 844616749 5
543553397 691305843 3
518291156 792665103 2
138802108 691626107 5
409011677 540807624 5
825138705 947756760 1
394569832 917447577 5
248253660 401561064 4
455394597 957385666 5
194833896 776390922 3
234546134 348353625 3
454785667 538839521 4
336070288 602869952 4
352439129 433802749 3
13400325 497501636 3
61423690 943111763 3
95275786 113219996 1
150114183 780798372 3
223233107 696189427 1
383644082 510188075 3
29662426 724358763 3
272406025 645337471 4
259012048 672363957 4
238878742 986770006 3
130635121 483792916 1
271648041 789965223 1
662986516 947397768 4
300123671 764566858 4
575548665 959581013 3
255345636 964536478 2
372284214 955687175 2
167604009 258166810 3
217320434 349764301 4
242581927 942990156 3
223173552 863027737 2
750995718 928653610 5
2439150 755157395 1
86375532 762461884 5
951140227 962946499 2
2687574 688143621 1
447071696 782352499 5
847878494 934201775 3
577996651 922221330 3
109402642 391099010 2
531157345 891003766 4
563016149 787136923 5
274938257 916534571 3
632638832 804590091 5
460894721 911971846 4
632075882 812984013 5
649010977 925573142 2
171641605 820167932 2
585011559 784631205 1
48519158 973577248 5
112888756 404823729 5
31203455 532533379 1
193121208 887111735 4
219008814 848998661 4
773083757 966222974 4
360187686 975309971 3
33511590 818460794 3
198009604 555110601 3
232406376 523317930 3
564036811 848771164 2
144993943 909044652 3
840575822 967241055 4
151018075 391849582 5
139960446 199454125 5
3739140 530382683 1
466394523 908271530 5
220396641 226473105 3
136929378 523261575 3
107150223 975898481 2
548486792 647561071 3
424527200 480431725 2
56642951 401371362 5
44520535 176179594 5
129318363 402936649 5
33458878 411159748 2
76730002 568658973 5
678062422 717257533 3
98278070 551228244 1
92455928 732694264 2
206659014 237361046 1
43643384 301162831 5
981233665 996056260 1
516933985 958896436 1
622949602 714119206 4
973886 313667423 5
90739762 997010471 3
723732212 853189490 2
187656037 382019458 4
66455445 829346689 3
494686001 802791988 2
287226268 815956425 1
519072431 792951603 1
269321897 700760060 1
964046743 969057576 3
288791272 610710977 4
422811231 571068905 4
611743130 923249782 5
70133539 871115076 4
7093564 56214219 4
346063989 905374634 5
817924526 977655908 3
414841966 803433797 4
549562039 842065724 3
302016972 714703439 3
850765795 904331092 2
818387647 955543788 5
663768417 680747621 1
9100165 311109882 1
42916127 712950508 3
290473814 504954028 5
481208479 523765850 3
686834458 697640284 3
197911194 493141951 4
692506153 756708371 1
725077451 845584194 1
19534979 25392703 5
40467172 907426727 4
48410234 979041613 4
337955945 676268866 3
260623201 265521043 2
204749188 952008238 1
329402364 886064519 4
345762677 706465040 5
233145044 790262563 2
5752097 455623458 3
831636713 962924032 4
186041263 931679112 3
198333736 243957384 1
216585767 368380910 4
827906180 915541843 3
235992682 524821260 5
448934526 791353647 1
40958127 303474460 3
509993642 578364022 1
301320813 341179132 1
380846285 485774186 5
612680261 929234112 3
192267368 883715144 4
213190890 581312332 5
158206000 627212272 1
598691418 892870538 3
933854658 980228830 2
703811463 782562434 5
502442973 841692516 5
426767475 580782627 2
775113349 995215671 3
221266902 715106798 2
200054203 592053693 4
263513416 920090470 1
56807851 724558836 4
17114474 541814659 1
230407378 562475553 2
2690750 938509203 4
115469256 717300003 5
4483804 711195328 3
218806437 767798834 5
324253633 725856492 4
138018550 591983046 1
85772209 737561949 5
15078485 469418073 3
238027483 957967020 1
299376865 517226758 4
264795007 573306912 2
495324315 621579715 2
22940066 882333623 1
248178232 917616117 2
57306407 85454110 4
49589635 561697570 1
49626021 871248282 2
501230465 704973166 5
210161912 568832857 5
53093656 425599753 2
630849576 752326280 1
46783285 126185940 2
148917723 297129290 5
153525873 594837646 3
563038814 567270316 3
458952856 979715512 4
26504948 737944751 3
10261279 451346420 4
139749046 406445401 5
381660315 973872630 2
741561669 765474352 3
526453421 843780772 3
67942458 531962218 2
500857904 639880746 1
375765507 536734971 4
259036984 612864056 1
771626501 973006174 5
45682370 499222889 4
181762308 197176495 2
612871805 963329475 1
28482685 380254802 3
120939918 673569325 5
380423018 534303493 3
578157369 861954868 3
66232737 299259263 2
273151364 522438428 5
311196949 923083499 1
192772678 867906995 2
98886155 385056169 1
411150660 975171610 1
808019693 821438015 5
28868023 719739452 5
173973785 700153884 1
741423388 756029032 1
72421125 227144924 3
486490283 809728362 2
38821105 582727264 3
97735258 853149345 5
758036934 823103152 4
25856875 747674705 4
3091049 687104983 4
390611434 529139554 5
125085870 240967524 1
142357378 279812389 2
749386097 932699598 1
119968625 407118867 5
711936813 742076636 3
127083377 243258695 2
93362917 777530262 1
41384889 79813717 2
6482284 416061307 1
152706568 281979527 2
152667001 975951175 5
103470154 405101675 5
439326643 731395249 1
750058583 985850744 5
289450368 635272735 5
258470282 737435992 3
68379279 859814735 3
152499373 209249223 5
468074847 683430894 3
147422860 319335147 1
283088493 435121287 4
109693590 300114914 3
984888048 989142816 5
177068162 286914277 3
605278578 674616510 2
199327588 302049333 3
673226062 721557008 1
326303513 753018414 2
458701363 593442540 1
4523751 257168850 1
336076913 757143445 5
487359647 897140672 5
611476977 673415461 5
154450509 820944289 3
931067014 938594077 4
73832891 212360392 5
265231539 565155238 4
33960722 534048709 4
353142475 812408761 1
361724311 385636201 5
169564132 963854533 3
260656540 578402425 1
422378346 462197306 2
189597860 252316768 4
410025572 609174822 3
248052215 937642627 2
202127997 865610860 5
172836746 591891328 2
537987228 936287694 1
119861006 170328981 5
204457267 369610563 1
557567202 571204842 3
244442120 586448976 4
136898134 898911133 5
36247539 714212147 5
320003190 953777657 5
185747916 788327373 3
198560977 203413205 2
102063098 379983029 5
124832155 795324766 5
282729020 508754499 2
228989693 877864500 4
176102165 178365375 1
131798586 648421172 1
538215204 830674875 4
167913329 895981918 2
150405383 785757155 1
62624423 854350500 2
480605313 827961528 3
161049448 230195456 2
371937990 545583809 3
9520249 518589905 2
187455554 193409526 2
44420344 225965254 4
284366714 749915029 5
449778198 987738416 1
236045349 693649209 3
140223097 550124347 1
667810626 947265626 4
215061991 897914302 5
62700291 823083168 1
150711108 362942976 3
451308239 922109919 5
368134035 897484326 1
231220255 696818897 5
127327028 488443820 4
298429669 352783106 3
37149181 326211625 3
320431345 639448346 3
256719081 399536284 2
684308857 768679038 2
600700729 934287305 3
492503984 982095083 3
727945498 803182757 5
84940458 722602384 1
188801382 567807656 2
175106778 710215154 5
635450514 822505685 3
123990841 265274868 4
726142269 936010441 4
485034868 730921061 1
198972299 843403455 2
121978096 281880908 5
821456950 978593120 3
275563012 503495082 4
11585244 199573248 5
533984960 789386140 1
328251957 780756974 1
124396336 843719116 5
142578619 787011614 4
636260088 785183734 3
335249979 713531248 2
94910272 111923369 4
287948671 813188415 1
410295469 680987426 4
369383492 564973476 3
265368498 380990590 4
646870757 877255734 5
150918094 904669649 4
591365750 893549225 1
59109528 76651023 1
201887861 634238257 1
103337096 563488067 4
447276573 931367501 2
121873181 989244578 1
128688326 288034543 4
334848311 624825430 5
27816698 113492549 1
213166104 564440242 5
378736221 517227088 1
607040098 838534664 5
380870993 922593305 3
77069602 987046936 5
902726835 912980292 5
319415663 554050892 5
45415452 335416523 4
232996930 712209365 4
139002628 553960496 1
258022809 942976704 5
195386006 563243974 1
549934197 632539468 2
416606728 419630197 2
302488730 990408247 4
858486279 871260067 1
118440388 805413531 2
304702582 358700555 3
10277133 484548819 2
663643 881071738 2
564982194 855694984 5
86144302 725812402 1
507499316 660901218 3
880101752 916837489 2
146253419 707929446 3
3986004 191548743 2
75001884 512957747 2
398261756 610998232 2
823056871 907864159 2
345439824 526942437 4
170152552 174595148 1
482768992 929707864 4
575549939 708003182 3
211831568 536178367 1
307947835 309714282 1
123968268 675858193 2
110194599 258488637 2
546939835 897454772 1
42015591 218522008 2
687424424 994020259 1
164750805 941438682 3
29397426 567486607 2
58429132 439791392 5
354732636 841581274 3
54517032 346951715 3
836406786 905011218 1
40703303 494699207 2
297177768 795251833 2
88425731 320727725 4
362921700 912847292 1
461181118 612823042 1
120589870 221935446 3
401232912 903665585 2
431180694 882348404 4
14729291 407990563 2
331891639 567876820 1
346345337 897625465 3
228412876 495464593 1
57212497 267452406 3
177704139 816426693 5
509249001 820942361 3
290800380 673077411 4
187484777 670154073 2
72359265 745892279 1
281239030 924063461 3
816455514 956327276 1
115685529 514209382 5
722979821 938349364 4
622248585 859740768 1
640781349 869420148 2
569071834 810923345 1
54854571 60521027 3
483845829 549768335 3
148905407 639626442 2
71654429 128178990 4
673924527 919328933 5
574905143 820385325 1
360248305 909715962 1
547924333 942632853 4
132739143 752256861 4
13538365 484280554 2
264090521 278313182 1
343557904 803774466 3
569734120 754827331 5
260494077 508486807 4
315843706 779203686 1
654712319 962028815 2
236099670 436788372 3
280836322 364125043 3
343003787 587136166 2
528132722 663572564 3
274724239 320647407 2
548428586 919716315 5
122270225 885021397 5
166963216 876493553 2
872701416 926243963 5
208848058 702190397 1
516421833 827919035 4
406369337 981997712 5
137057735 570866963 4
560610172 603459370 1
265791480 704429578 2
270358655 961658810 3
136861443 261503436 5
516198669 788762044 3
374697312 843395984 5
215612614 299080658 1
16672676 55115674 1
217785643 546138681 4
452422956 696443067 2
324215732 761420400 3
422459031 768345269 3
314370006 867577828 2
8133465 384121196 4
29928784 42854243 1
161166850 584561545 1
876291189 973020169 3
115655276 970737381 4
106920007 295305188 3
213138690 421734292 5
96711172 266500372 3
131322937 272182571 5
89495858 565689821 5
368088896 871398609 2
497653520 567875662 4
462445162 798142621 2
622791186 657056191 2
447589257 859263920 4
94514577 875123515 5
388391185 464501499 2
304015559 807148892 1
35609776 627545896 2
422026317 996654812 5
343171341 954412697 5
187477040 523620469 2
47764601 394069877 3
170940095 932974329 4
173147908 837643060 3
362378189 926577034 5
283405494 732186049 5
271155662 609264659 1
75655609 629449182 4
392802095 978428322 4
602904359 993654461 2
131523346 954822231 2
16270527 621283098 3
200194790 837574318 2
320485951 583754115 3
190951926 880773176 4
37014304 267968802 1
733396390 851063716 1
106134505 765263392 2
65202126 185884256 1
67386210 458324573 3
135295030 140381750 3
211364114 513178984 4
316622796 399887693 4
512549797 518015648 2
173799425 237814894 3
37794721 759082270 5
521837982 760819050 4
326449977 974913565 4
175798973 906687108 4
165696454 288864899 4
181434722 193608177 5
581730845 723141593 4
2213782 902161568 1
814603179 890519352 4
261506194 415240007 1
376548525 883392218 4
426652570 673898630 2
564808749 747795727 3
192936560 886465409 1
96839614 930327743 1
415129730 603879215 2
383435057 922593190 1
460759151 757680285 1
422056259 890186675 1
83184791 793704745 2
364323617 611905555 3
44830104 437458147 2
270561154 965397994 1
101741226 483781441 5
282219947 508376957 4
584407803 757788235 3
251287700 849126806 3
14207918 62379735 2
71931430 890923498 1
494080698 933948387 4
393740491 408125487 3
604719094 969928678 4
541344300 928547965 2
674682677 920294794 4
227310868 545905303 2
98979447 539715077 3
134833112 224011453 5
139500457 211723812 4
80079721 972657135 4
630447111 765330442 3
249984115 638999471 4
200511514 474733820 4
425653246 896883422 2
354603685 979898446 2
546069599 753089364 1
69417615 532697518 1
219491279 668281944 2
73489919 935329680 1
163849591 963962521 2
247076951 936305727 3
58440485 590670357 3
90337908 231461926 2
192448523 359684106 2
327867674 692664084 3
818711650 990974273 2
527917944 824089667 4
34713872 153319092 2
186633192 463316089 2
327823374 686500704 3
222674871 871779204 4
433928627 949105328 3
290615073 629340047 1
270078268 473003398 5
197745735 689915436 3
81530691 692254717 5
621880686 661344229 5
150869791 946502714 4
159819306 951241880 1
179790789 784266483 4
265590636 892812501 3
13801169 206260813 4
195830675 440975765 3
807511483 986850257 3
217937142 330706250 3
159594379 585870035 5
133853870 432783165 3
824548388 836249210 1
382826416 683973124 3
128606852 917809439 2
1772708 319510266 3
144386853 474663889 2
187810968 260528598 4
24393912 98121833 2
595124467 860618550 5
56047517 591490667 4
709345060 764890927 1
596113177 940318528 4
184848584 417848824 3
161431095 805884190 1
164365663 804824973 4
96315875 169093717 4
724816565 834904981 4
429145047 754014402 5
152637267 279257485 2
341149799 396627071 2
518578661 842575842 5
447182744 874171328 4
95781028 229526575 5
779720 713334882 1
518187295 936152650 4
42822781 210019510 3
877374116 884693629 3
617177842 673579599 4
341817337 912159058 3
295574972 763645365 4
48948933 338843016 5
505578090 696076578 4
134487397 468581180 3
219556385 540156715 5
113670744 200697742 3
419370026 918975371 5
271113289 856255448 5
153421507 629783703 2
554365674 696619573 4
150238673 861566398 5
604098606 877363580 5
334146700 567654111 3
380653851 607631302 2
168975975 513761876 3
143007418 655766668 5
722356487 840372259 3
33677245 987692072 1
387886949 911345190 1
351211629 501709991 2
66511864 283037657 3
256844329 343670658 4
340498314 870114038 5
9093193 475223784 1
36790333 867388549 4
499118516 619446155 5
55467343 972305668 5
80950143 407958229 1
216596789 971819480 5
414300291 913221327 5
46307490 966604165 2
976150301 990194627 4
537702190 766699886 2
64478458 374753124 5
255921665 865915811 4
333634256 767710391 2
63262601 634634803 1
70109533 554110678 4
380195676 561656585 4
43771233 972009796 3
405202817 419242488 2
202592033 354874952 5
128864396 709825823 1
298688788 872411236 3
248642043 733530141 5
124150407 720878310 5
155851261 897931661 3
73870081 771911399 3
120228731 785664968 4
864529176 969843196 1
803945366 936621001 4
526014913 556525568 1
810358846 838749924 1
18063840 696983337 2
804555523 895590330 2
203368284 476400224 4
191784975 874638697 4
750776868 826145603 1
158794887 184040430 1
608906312 686641784 4
149601517 797290150 2
329886215 760182124 5
138775127 168783085 2
236370862 372664322 4
546067711 680786824 3
280474416 729619472 1
629705627 998890466 3
131370581 499931567 5
259240495 750036665 2
37760606 293212909 5
48290774 743993288 1
28870480 974872089 2
829742422 964997525 2
374500742 715014556 2
322092384 350004682 4
2883231 567943577 2
106391306 300591185 5
360027484 518823931 4
24420839 862445536 4
602536933 948165087 2
210769693 447763506 5
757950261 851408275 2
651877860 901851018 2
117048345 189411178 4
