50
22 12831146
55470245 9220616
48539025 76324648
52157672 42587837
7967047 2278982
8587601 27351620
53252894 21691206
37065870 52857632
4064038 53388249
75452122 51130683
5786342 41316092
30489118 83095143
74617234 47597071
43776239 53361689
24567476 59777734
31800666 63782875
41902752 29336853
23327228 17952056
27563990 52830840
40566403 36072460
24175030 77005525
20902550 19145698
48532158 60465340
6 33814369
76739874 87993082
130648864 272399393
233059956 45921489
117521606 40223941
202189084 99483261
62825686 217965745
1 46067947
36938182 20619364
24 28480576
9553487 164156966
263764812 255806147
230041409 133744685
218875669 21293737
127738215 24674720
222110606 178270924
53597673 158346004
245446669 13060462
9418727 177145744
124443108 179464930
70355028 106938226
169315015 227330670
57208588 192690117
80713541 217025567
19373879 86875784
107318097 12535567
111501351 36920069
19666639 33743163
243323146 252055770
272613992 233293153
28131521 209983461
61835212 167368700
83874990 145617505
217767838 251435296
24 71790801
227148942 131014588
22295873 78763997
193288505 72604806
51481029 20369311
48505318 233375079
250831135 129402454
219081538 196453198
10446197 18290416
9690820 253157318
200789026 40028775
171325219 211572324
91683966 152149945
194540633 165480070
157854834 135085799
50451496 158297832
93196272 173005617
237450862 20695231
33207082 143523588
95163295 163911792
55556016 225659815
147043890 43545172
113102188 20211828
231426647 104487563
115573611 16848666
10 125659119
58204965 87851322
392103638 342024150
66883632 189205029
336981208 164874137
114042761 374133212
261689444 334316162
152045384 323231030
70914041 382550922
245549335 240651307
123742384 41970423
25 22732507
60577390 4437494
6230423 31330397
51887708 31933995
1825734 26141505
60486128 35249030
43955744 64555321
79082221 12448013
63583240 70873299
32742397 23757754
61237690 62173739
31170681 56348192
44344512 20485848
62709329 28449876
15709283 52233139
15738778 32305843
12136267 7567217
911724 26973594
57211718 66261140
18975257 24607680
77847562 77426846
16161744 18219568
30677162 69812641
79163490 465377
5316132 4993634
41529121 41099507
13 9509776
11096878 63489342
49060702 55508332
23618998 52252892
3891449 63928292
47467711 13872270
6058434 33984093
1663745 51854366
49756843 34828937
9046444 59272788
54810047 17878647
30774384 18220628
27014896 61833398
21402968 45600085
28 7010298
20259010 845744
28887952 28986004
1638618 27969512
43477242 54794457
17324934 54103948
46135454 48357062
18166050 54103977
22425308 15872568
1554006 8463319
9075641 43835253
23879253 45583195
19155511 52813269
28573311 36008541
31329856 33816781
28299879 40743296
14062012 26414169
29273006 6968099
11274178 30489222
46660174 3307444
22164714 20591065
52308531 38543916
10298817 12145951
37801155 17437866
52073622 3637010
4880511 11939440
7275249 46476581
44435393 4963060
20003619 21673261
1 1
100 100
18 2662885
10761913 54603564
58270276 34899706
30447818 6708026
54583964 15135223
16209712 15338642
26458699 36232766
1285395 58402934
5547642 43864784
37205920 39829824
22733015 8004192
39834393 53267719
58403578 58459155
47357703 28917994
8672233 46875606
2366858 31191036
30086327 20491099
54822865 53925836
15073863 39578289
50 4
9 6
12 8
6 0
0 3
12 11
9 8
0 5
2 3
2 5
2 2
7 1
12 9
0 9
6 1
0 2
10 12
0 1
12 7
12 3
12 1
0 0
11 0
12 10
12 4
12 5
1 1
3 1
4 4
9 4
0 10
3 5
11 11
1 9
11 1
3 4
10 5
10 7
8 9
8 1
7 7
7 6
5 2
5 3
6 9
9 0
12 12
0 6
7 0
1 11
4 10
14 2
0 1
0 2
0 3
1 0
1 1
1 2
1 3
2 0
2 1
2 2
2 3
3 0
3 1
3 2
2 47847699
267417486 328573077
297024457 11151084
7 3
1 5
2 3
2 1
5 1
6 3
4 4
4 5
50 6
0 0
11 7
0 11
9 14
2 2
3 3
0 13
6 4
11 8
2 10
11 13
0 8
8 3
9 2
14 8
1 9
14 14
2 9
3 7
2 5
0 4
13 10
9 5
10 5
0 12
3 5
10 14
3 14
10 6
13 7
4 1
2 3
1 13
3 2
12 4
11 6
11 14
9 8
14 12
4 13
4 8
3 8
0 9
1 1
5 3
12 9
6 12
12 11
12 13
8 13
8 33148606
40752714 32833712
78640941 17302997
33273522 109478860
91213574 30908513
8519218 94114051
117899869 15959174
76358848 114424892
108059951 66351720
7 47181579
210244121 116087520
170368931 200603904
251841970 123925273
19035462 228359103
21985324 68714259
107081716 119997842
219561976 193881654
18 2
0 0
0 1
0 2
0 3
0 4
0 5
1 0
1 1
1 2
1 3
1 4
1 5
2 0
2 1
2 2
2 3
2 4
2 5
9 168029819
207740933 407458767
95757164 179793494
292108543 424113450
351386086 220797707
165065667 82916936
260405273 165731597
368282529 400575067
160168005 362352684
422120876 418102752
4 1
0 0
0 2
10 0
10 2
50 20
8 9
5 0
11 0
9 2
4 9
7 7
9 8
10 7
4 6
9 6
5 10
9 3
3 1
4 11
3 6
6 4
8 0
6 1
7 9
7 3
2 8
6 9
7 8
6 7
3 2
6 10
3 7
0 2
8 2
6 11
10 1
6 5
11 9
0 3
3 3
5 9
11 5
1 8
11 6
7 2
7 0
1 1
5 6
8 6
11 11
4 1
5 2
8 1
0 9
4 4
22 885653
13286342 112923210
96584020 6970048
83643282 58208748
19571232 122194775
68955011 59891168
80697636 22175240
48402925 70054530
151740053 15877018
140403754 152719191
58991671 21584463
20069715 135700535
53237605 92608154
64784293 43986759
97791673 97973063
41780287 20416447
159789703 110688845
151798608 81551411
159475020 104601481
18516611 110232328
42115020 154547862
830131 112533833
156650800 32942415
4 2
0 0
0 2
10 0
10 2
18 1
0 0
0 1
0 2
3 3
3 4
3 5
1 0
1 1
1 2
4 3
4 4
4 5
2 0
2 1
2 2
5 3
5 4
5 5
28 60917302
134411547 172020346
88005030 40723033
142146787 207530573
23505398 86231981
17909608 253851351
156221339 193128998
67776722 20777507
5959756 131065174
111164338 217779165
51669455 111393180
260779574 270572541
180167176 38365917
110133512 12944712
14445129 161082456
78624914 10513269
233706867 15236151
36682233 37547124
263608535 107257444
212888721 116482384
798337 227166211
223354045 81551512
101980949 37295457
122110264 80736143
113699698 86658305
145932889 202708305
123242011 951599
264970215 76920985
209051062 34603017
50 5
3 15
10 16
9 4
6 15
4 8
5 11
0 1
16 10
17 13
15 10
3 1
11 11
13 18
13 11
13 17
8 8
7 15
6 6
2 4
15 3
12 10
18 11
17 6
8 18
17 3
5 4
11 2
6 1
2 9
9 10
3 8
2 1
2 3
7 9
12 2
13 0
8 11
3 4
18 9
16 7
11 18
17 2
8 12
16 12
4 4
0 2
7 13
15 5
0 11
14 1
24 3344937
21289585 26274613
7062274 26646895
48560245 1025877
40975875 11119135
17322804 12187835
26593000 3997900
26371100 38810501
40675593 29236984
42637554 9661348
25533491 41352394
34183254 8478090
8065291 29405575
41097022 47673667
9865294 39088031
13176181 18975489
36334608 333255
70567 46697156
46468509 47108149
45543068 38600997
18836736 35675383
45667202 6881856
157090 16837617
32280162 48816700
48575113 12709361
3 73024311
70170900 295190377
392397038 229174606
357319029 60595391
16 1
0 0
0 1
0 2
1 0
1 1
1 2
2 0
2 1
2 2
2 3
3 3
4 3
3 2
4 2
3 1
4 1
7 6
8 5
3 6
9 2
4 5
3 2
1 8
2 8
50 4
11 6
2 4
14 3
12 11
12 0
15 10
6 6
8 7
15 15
14 8
3 7
9 10
11 9
5 11
3 4
8 2
4 15
8 3
14 0
13 8
8 12
6 2
13 3
11 3
13 7
7 8
7 1
5 10
8 0
12 1
8 10
7 15
8 8
0 3
0 11
1 13
1 10
10 2
6 8
7 11
11 15
13 14
0 8
2 13
11 4
2 5
5 5
3 11
1 9
2 10
50 8
2 3
11 15
0 5
0 0
15 5
2 7
11 5
11 11
7 2
2 11
6 11
10 9
6 14
3 16
5 13
16 9
8 0
10 2
15 9
5 4
1 2
7 4
3 13
4 12
3 9
11 1
15 8
1 0
3 10
7 0
1 13
16 16
16 4
15 13
4 7
3 4
14 15
13 13
16 8
9 6
14 10
7 3
9 13
3 6
12 13
12 14
6 9
15 10
0 1
1 9
15 54844776
122763023 86975720
257816604 261793388
223390191 49884893
86808458 117069053
126539865 109428378
78427446 31135363
229479173 173589597
146775167 91646682
289457301 148828970
81116866 237337053
50827089 166189025
176248610 274347263
197079745 189942089
101783731 230855801
21962485 53073943
50 8
11 8
9 15
14 17
2 9
1 7
15 13
16 10
9 12
11 7
7 13
17 10
1 16
7 11
8 7
16 17
15 16
10 7
16 1
10 0
13 17
12 17
3 4
14 15
2 11
6 5
12 4
3 13
1 8
0 8
14 8
2 2
16 6
13 6
3 11
8 0
2 5
4 6
4 9
17 11
5 5
9 2
7 0
17 0
8 8
8 2
0 1
1 6
2 14
4 11
15 1
50 19
8 3
5 8
7 12
7 2
6 4
13 7
10 13
9 4
3 10
3 1
9 0
3 13
0 13
9 1
9 13
12 4
13 4
4 4
4 6
1 5
7 4
13 2
0 7
4 2
3 11
10 8
2 7
5 9
4 5
1 2
3 8
0 8
10 4
6 7
2 8
10 1
9 6
6 10
4 8
6 8
7 6
4 1
8 8
1 10
3 6
1 6
8 10
13 6
8 13
9 10
14 1
0 1
0 2
0 3
1 0
1 1
1 2
1 3
2 0
2 1
2 2
2 3
3 0
3 1
3 2
18 2
0 0
0 1
0 2
3 3
3 4
3 5
1 0
1 1
1 2
4 3
4 4
4 5
2 0
2 1
2 2
5 3
5 4
5 5
5 37822253
307997913 233965511
249314111 64528182
277158720 305440421
175924919 48084257
170916795 20915874
7 3
8 5
3 6
9 2
4 5
3 2
1 8
2 8
18 1
0 0
0 1
0 2
0 3
0 4
0 5
1 0
1 1
1 2
1 3
1 4
1 5
2 0
2 1
2 2
2 3
2 4
2 5
23 5358370
25783697 4468986
68940686 22443596
49449993 58321103
9359185 44343306
18817395 69254687
22353944 16709095
20103609 1996648
45021801 67382437
14626103 69205710
33721422 24434170
12842568 2323165
20633026 43364027
16264900 29030104
66607439 37005294
4348646 2779950
17396385 60297
49431401 29805964
30839973 52950994
22011579 18240012
4545502 57843557
2754784 49405323
20655300 26052180
54227686 6744472
3 1
100 100
200 200
300 300
50 17
5 5
6 9
6 5
3 9
2 0
6 8
7 5
10 1
4 3
2 5
3 5
8 10
1 2
10 3
8 8
9 9
10 0
7 4
3 0
0 0
10 5
4 4
7 2
4 6
2 2
7 1
3 2
9 1
2 1
0 5
5 1
4 1
2 3
8 1
9 8
6 7
8 0
1 9
6 0
8 3
3 3
5 3
9 0
2 4
9 2
10 4
7 7
9 4
1 8
1 6
18 5301291
68833669 71099603
127885459 6791707
73445525 77706761
93689179 104353701
45061155 43900802
19398995 47826793
199671401 157192307
9273597 172379989
140234949 92458592
23714875 78886427
134925222 193877002
8897508 35195183
166606811 103629730
53363172 45560132
26160263 33138427
11891762 115728730
186559137 84749913
196981069 145210978
18 48753137
76651087 462492962
65583893 152221717
33880806 233604807
20235252 216809871
272020312 39507504
31188295 76277279
422114686 392176032
285986241 289038194
483852610 323240868
485085139 400188802
463258051 194618122
408810140 39978780
351147437 343462039
178443674 9159096
170028640 127912159
213640093 138665055
276631008 311420008
12364072 331402907
15 11559273
49987969 29470600
64063113 4336518
71085122 61848358
2159932 22559981
7103992 26818375
3002492 65670172
47620387 6649084
35614398 33393489
40932194 5359823
4707307 14752536
21199699 41630364
43099569 41468543
48743070 67168299
51433385 7946389
358816 72256110
16 2
0 0
0 1
0 2
1 0
1 1
1 2
2 0
2 1
2 2
2 3
3 3
4 3
3 2
4 2
3 1
4 1
2 1
100 100
200 200
4 89843245
247180922 52054762
189472565 201974719
232303868 115080728
182006201 87155761
