68
44 17
185 90 123 137 19 66 148 124 2 42 92 174 67 16 23 164 89 56 3 4 118 135 147 165 7 197 173 86 190 176 36 131 170 180 27 90 23 197 127 1 166 46 130 4 
82 56
7 95 93 36 34 109 159 170 6 23 18 172 87 184 148 144 151 57 6 163 107 94 175 166 95 52 69 100 88 4 51 35 170 160 6 187 28 100 195 123 25 109 23 119 117 106 157 62 197 131 21 82 100 165 173 90 121 182 130 36 44 25 17 47 15 195 190 75 55 12 52 42 141 166 83 144 170 129 13 77 44 199 
87 13
25 33 83 112 43 21 87 152 37 44 65 116 152 183 40 179 176 104 162 109 5 91 4 108 6 200 59 155 14 102 105 195 29 87 11 121 155 47 106 13 86 74 95 4 107 48 19 52 169 132 43 60 147 125 19 146 7 9 200 197 83 41 113 49 171 21 146 67 121 68 20 68 160 112 96 188 152 144 171 78 198 173 59 192 197 18 98 
18 15
138 189 195 140 73 94 47 3 199 130 32 78 136 23 181 141 180 5 
56 10
16 3 25 21 140 179 62 31 86 69 5 70 138 164 190 154 11 156 186 48 86 14 67 96 66 17 27 104 146 64 186 28 95 43 190 23 170 68 123 121 55 36 41 93 52 21 21 173 176 12 69 30 167 95 39 50 
83 26
130 150 177 50 182 134 84 116 133 83 54 97 142 3 121 91 30 34 87 130 167 192 124 40 50 2 13 56 166 149 55 112 126 83 55 117 160 110 48 185 199 171 3 38 161 65 141 34 166 88 66 114 132 146 55 106 121 17 200 1 45 98 77 81 87 195 144 55 15 154 45 11 141 73 161 98 80 65 7 129 174 96 29 
57 48
198 170 61 112 132 46 10 158 32 145 4 31 83 5 135 148 180 139 66 160 172 111 53 50 7 92 74 146 16 38 67 110 128 129 117 28 102 123 79 196 6 123 163 131 181 116 195 109 14 115 140 173 22 182 165 39 115 
5 4
58 173 88 72 104 
1 1
160 
28 24
82 196 200 195 121 95 75 132 110 124 23 68 79 136 56 197 102 150 48 14 19 74 34 37 172 85 5 109 
70 18
34 9 11 50 30 71 49 56 23 187 26 158 48 44 174 20 91 98 90 97 159 165 13 197 91 164 159 40 121 168 160 76 18 197 115 104 39 55 9 149 164 115 103 91 147 103 120 190 155 139 48 9 106 161 99 79 118 21 131 86 13 167 123 74 19 99 5 148 26 105 
17 6
69 153 12 190 118 52 109 199 13 173 183 155 52 2 52 193 160 
8 2
170 92 95 15 46 179 104 177 
12 2
125 18 53 174 135 137 64 124 197 33 70 26 
86 29
37 45 114 4 95 48 84 74 44 26 114 22 20 84 159 112 160 74 31 182 111 177 191 174 135 10 154 62 57 195 51 142 100 33 44 198 61 21 87 36 132 133 51 15 181 108 116 199 23 159 140 22 178 9 20 100 160 184 28 165 124 134 168 143 137 63 94 114 188 117 51 151 136 8 105 168 73 8 133 66 147 181 157 141 178 186 
34 23
51 162 59 35 12 194 150 2 114 182 178 13 159 27 92 121 27 176 192 54 142 57 86 7 35 151 19 190 190 27 111 189 26 3 
18 8
113 68 171 60 179 4 82 179 104 100 72 196 99 73 16 122 29 55 
55 39
79 196 161 71 173 176 34 87 199 172 22 123 106 180 6 165 185 183 171 156 3 176 26 14 134 109 143 106 9 64 23 183 185 168 142 27 78 113 150 41 27 146 3 172 19 153 132 133 11 112 160 124 35 55 73 
31 5
178 113 73 58 125 64 49 185 38 135 183 72 91 35 34 166 146 104 180 30 68 22 181 136 133 164 30 141 79 42 26 
46 37
16 75 52 14 33 142 183 69 12 29 129 12 174 142 40 122 70 123 183 125 144 124 28 10 62 199 18 181 160 100 121 138 101 79 65 146 167 101 188 2 36 186 54 196 130 20 
4 2
136 193 91 15 
18 3
180 200 20 122 44 136 1 137 19 116 172 28 148 52 159 27 178 172 
27 25
21 91 36 44 128 3 198 3 27 5 167 75 147 156 87 142 183 69 92 54 120 80 142 173 13 91 63 
20 11
86 4 11 52 146 75 189 78 45 25 10 134 89 34 137 142 98 28 192 80 
91 12
67 49 51 73 185 175 61 31 98 22 79 149 45 85 100 34 87 116 43 93 101 185 177 112 126 109 99 93 82 72 29 83 193 145 35 13 86 42 82 136 57 22 151 101 178 1 152 89 21 6 33 2 84 89 18 131 79 122 31 96 91 131 14 54 104 12 117 111 180 40 51 48 147 117 78 128 104 88 45 189 88 195 173 37 85 112 118 154 149 184 53 
22 22
182 163 190 163 23 149 86 133 112 44 189 186 1 79 19 190 3 3 8 113 13 175 
23 19
88 154 112 16 197 167 22 32 192 30 174 30 13 69 58 63 51 80 170 55 179 39 52 
36 14
173 98 10 35 133 76 96 169 18 117 179 188 116 194 89 37 91 108 133 26 74 54 19 113 44 92 40 188 129 89 189 97 32 24 166 97 
60 8
81 91 134 48 113 58 112 75 97 96 5 148 58 167 17 176 195 152 28 40 86 121 26 118 110 136 123 47 185 67 61 172 28 119 166 21 54 191 93 23 175 137 48 136 36 47 169 153 60 144 197 15 94 113 111 165 44 160 49 30 
90 38
149 70 176 180 138 200 39 138 65 96 198 179 184 151 182 154 34 175 122 92 200 154 185 172 198 177 20 174 69 174 162 54 175 8 6 91 97 9 112 49 159 114 177 139 101 180 79 179 127 51 41 84 100 24 191 32 198 111 194 133 158 103 146 149 141 108 67 115 135 21 6 193 47 32 2 7 57 18 67 84 193 104 42 74 134 128 7 89 104 38 
66 53
120 109 39 186 169 27 62 190 109 171 39 58 31 46 143 193 49 82 168 138 74 102 172 52 170 55 92 154 160 106 22 139 81 99 133 18 26 59 196 49 188 129 59 12 116 198 6 90 7 43 173 69 2 17 84 98 98 139 197 96 194 15 50 140 131 7 
18 4
124 19 181 73 140 2 130 192 25 2 41 66 77 131 11 117 118 74 
46 35
135 177 62 16 16 92 96 4 128 95 129 87 160 134 72 15 191 47 155 92 53 125 100 131 46 32 9 69 4 8 200 94 43 141 96 71 17 186 188 37 82 163 16 15 20 135 
91 32
49 40 189 60 154 186 133 5 42 109 104 60 131 54 147 95 57 115 52 84 193 147 175 80 78 161 117 45 199 188 194 179 76 107 144 24 7 10 173 33 53 154 27 20 156 148 16 108 99 8 193 63 104 10 153 47 177 123 63 157 121 154 183 89 42 58 94 27 120 109 59 181 52 93 42 13 96 79 168 187 40 127 39 2 95 193 30 58 46 170 195 
53 15
116 19 90 41 117 155 23 94 64 177 21 51 184 100 166 138 142 146 136 38 132 43 156 98 102 180 170 5 106 37 13 25 133 192 34 26 127 25 25 149 52 100 23 36 195 200 146 74 164 197 125 3 104 
6 3
28 60 83 38 159 105 
100 50
64 103 122 78 122 135 120 10 57 24 53 135 1 3 31 190 94 36 9 45 6 53 200 175 148 1 63 88 41 58 134 180 75 77 97 102 74 101 13 157 55 139 10 118 141 188 96 154 174 162 54 28 20 143 19 76 58 6 143 155 55 98 5 144 85 156 198 66 9 116 98 19 163 13 127 157 90 123 180 194 179 138 144 181 162 34 138 107 100 38 149 97 70 75 64 93 29 136 137 186 
12 6
98 49 159 63 5 151 200 94 167 181 134 167 
54 37
16 200 77 126 173 170 184 24 89 76 16 82 159 93 77 21 176 7 190 38 13 163 151 167 5 12 193 66 66 65 54 158 89 80 65 116 170 48 1 20 168 25 122 34 55 150 22 181 1 43 170 91 158 153 
76 1
187 150 26 200 46 79 200 14 105 55 148 120 39 34 68 168 16 141 149 142 66 134 3 103 44 77 10 111 5 145 86 150 36 134 183 42 173 92 28 125 32 19 5 181 119 22 156 14 155 94 107 41 58 193 140 19 168 26 114 82 110 108 47 194 122 151 131 98 57 10 17 3 138 71 11 143 
66 29
185 100 43 129 3 178 129 139 171 172 67 29 110 189 54 1 15 25 23 97 104 29 180 77 73 156 162 35 10 175 45 69 21 59 82 15 145 24 133 170 90 99 15 102 115 3 25 149 182 161 78 152 9 33 143 67 200 6 183 138 7 126 27 164 176 128 
100 59
136 35 118 152 36 194 182 25 90 134 31 119 150 142 136 84 150 161 146 44 62 127 2 1 181 197 199 157 158 34 136 168 35 43 158 94 141 26 28 149 198 16 182 53 177 22 153 141 14 73 88 190 99 195 103 126 200 182 19 75 154 43 181 97 166 163 102 158 179 120 146 179 17 127 176 108 171 11 164 144 196 69 95 12 135 91 22 54 110 59 111 64 100 74 150 128 61 18 31 188 
49 18
35 77 24 29 112 188 71 149 163 71 73 22 77 71 196 162 129 84 57 62 190 62 118 137 190 4 127 170 182 80 35 28 180 180 192 25 16 14 177 21 142 61 76 28 71 118 92 139 126 
65 10
120 134 161 53 158 177 10 39 169 165 198 165 35 82 155 196 15 182 153 138 25 81 166 147 138 46 141 106 119 100 139 167 140 191 10 66 91 121 198 4 34 106 120 27 137 4 198 81 62 43 102 3 200 162 60 40 6 12 47 78 197 118 197 53 200 
11 1
197 80 170 155 108 187 85 35 176 83 111 
72 17
22 146 85 138 19 39 34 109 107 94 19 139 176 197 92 5 126 20 14 120 7 71 2 66 145 176 35 115 164 78 139 110 79 90 106 23 109 7 186 58 130 15 159 199 97 115 167 35 138 160 62 103 100 40 99 18 182 72 138 7 13 153 62 19 55 172 130 74 189 64 89 145 
71 34
175 63 52 145 5 74 88 161 58 187 48 70 139 57 34 49 30 170 75 33 131 64 62 177 93 178 185 5 135 15 44 66 74 151 179 67 101 56 87 133 125 170 199 138 48 35 200 85 8 87 43 76 124 51 26 102 58 28 31 87 63 119 80 125 162 84 167 110 148 150 88 
29 27
89 111 10 61 89 161 164 200 9 8 88 98 162 118 143 150 15 68 20 100 140 190 65 112 148 127 142 128 168 
22 22
66 98 151 146 29 117 7 18 154 94 154 95 180 25 163 84 196 187 65 144 80 186 
43 21
89 111 143 45 162 151 16 78 127 63 45 192 82 112 163 37 193 49 106 190 34 174 39 7 37 177 59 74 4 90 86 163 87 180 102 61 143 106 46 32 9 183 10 
42 19
107 46 185 97 198 25 171 108 171 14 13 182 13 111 109 11 175 137 155 82 63 185 57 126 188 110 89 67 21 178 129 166 148 141 6 74 123 117 133 82 25 114 
56 33
105 45 121 77 45 1 104 58 152 75 185 28 113 39 136 122 67 155 102 134 166 78 152 56 87 44 128 48 128 21 155 130 127 178 189 112 7 6 79 125 144 9 109 186 99 116 152 54 81 120 17 7 171 149 192 145 
91 6
168 1 35 186 194 27 77 191 140 178 12 76 152 112 61 159 170 70 104 170 37 120 76 8 159 39 99 108 107 11 45 101 113 23 154 66 53 149 111 78 143 188 26 4 36 7 58 115 91 50 172 10 153 3 162 10 131 5 196 48 160 46 37 25 17 9 54 177 69 113 13 169 72 177 130 120 16 30 162 187 141 134 40 14 74 48 29 80 93 142 42 
89 8
39 162 141 136 166 56 49 184 72 39 142 27 44 16 194 175 147 54 159 97 15 20 146 106 165 4 16 155 146 144 179 70 75 108 95 71 199 30 106 36 126 157 163 114 94 82 137 19 43 147 106 59 14 83 44 88 127 181 18 179 61 178 98 143 29 184 86 192 64 178 140 32 80 126 191 83 181 173 185 13 167 151 143 29 60 137 194 24 121 
70 17
16 111 120 200 111 61 42 111 140 79 137 29 153 28 140 10 116 16 110 37 43 30 30 1 148 177 59 152 174 184 111 170 84 57 74 129 134 51 158 63 14 20 115 188 4 192 31 177 77 88 118 85 15 124 108 27 53 96 22 151 54 124 108 128 54 147 85 146 189 64 
13 8
15 153 33 118 88 74 185 188 135 138 87 17 49 
27 3
73 66 140 100 31 154 116 90 39 162 160 131 154 61 128 74 90 141 68 171 104 77 143 129 125 129 93 
77 3
195 35 148 148 141 87 91 153 82 50 159 142 63 99 188 140 70 63 124 199 111 68 124 29 98 150 80 51 164 185 121 82 131 155 118 118 82 194 100 154 147 9 160 77 58 165 163 91 62 82 76 69 64 186 163 183 154 138 46 171 179 165 25 156 152 141 20 76 81 21 144 79 34 65 78 93 38 
13 9
85 90 164 62 135 144 85 155 146 181 65 176 101 
98 49
35 46 35 154 53 100 12 155 148 108 198 105 42 125 15 3 60 116 170 118 130 129 74 133 101 110 52 46 130 156 60 125 43 40 19 80 2 175 56 52 15 85 10 71 136 148 86 106 83 117 43 8 85 101 89 167 125 146 129 28 197 7 155 18 198 34 118 103 114 71 81 55 11 127 175 112 166 149 98 180 109 103 112 200 101 34 154 111 187 97 38 67 172 147 32 93 186 94 
16 6
190 79 105 34 87 26 54 131 157 133 102 94 182 166 154 12 
59 27
4 61 29 84 134 88 78 183 147 4 175 181 154 97 41 14 102 88 129 160 180 123 150 128 3 104 125 198 161 43 43 172 149 97 168 7 151 130 34 68 175 22 84 41 107 3 43 8 147 164 19 18 71 81 110 157 93 46 148 
73 61
12 95 85 107 153 15 96 58 166 37 33 179 152 162 54 141 103 17 110 178 149 198 137 134 29 61 105 36 36 113 40 164 70 31 163 162 169 135 29 104 78 133 135 17 37 169 105 33 166 100 192 24 159 53 175 14 150 5 59 23 145 61 140 140 175 12 79 87 56 60 186 34 181 
98 61
70 6 68 33 147 126 61 150 57 15 160 14 144 98 10 66 196 150 86 16 11 145 196 60 188 7 118 10 112 54 169 180 107 131 89 148 15 119 171 168 189 3 144 73 133 64 55 101 186 63 84 95 151 125 52 163 86 96 119 89 107 93 118 104 198 82 164 150 124 154 148 154 151 174 63 49 5 143 117 69 147 32 133 18 87 179 149 191 172 64 1 92 48 48 154 98 189 142 
91 11
42 190 145 94 75 43 2 165 155 86 82 25 77 84 178 67 10 17 125 124 122 163 11 37 53 40 117 90 55 5 186 63 153 147 99 164 132 194 47 148 141 190 137 51 102 105 32 25 40 199 71 26 100 192 58 188 140 152 190 105 128 138 99 148 82 51 52 33 38 74 119 181 194 77 171 15 54 194 200 91 75 55 180 174 184 189 122 81 90 179 140 
12 7
103 36 85 45 161 140 182 50 158 13 107 83 
98 68
96 1 65 175 119 56 98 31 139 116 118 192 200 89 14 58 83 192 162 24 56 29 64 63 42 163 1 18 52 199 153 97 16 118 129 14 4 144 177 87 145 125 54 141 151 173 64 169 100 112 89 83 47 158 136 143 180 35 175 25 40 18 163 104 3 179 106 193 173 191 153 16 68 33 159 10 64 182 114 127 62 163 180 91 74 47 120 81 157 188 176 83 22 183 16 56 6 61 
45 14
27 148 92 71 124 141 52 99 172 24 98 152 113 52 20 147 64 38 177 9 192 47 61 175 85 54 15 164 111 177 139 16 13 158 112 33 163 135 169 54 179 116 32 87 104 
96
190
193
121
28
35
162
153
171
74
46
13
190
131
132
100
186
12
121
2
133
4
66
104
170
107
11
99
73
78
143
154
68
169
187
175
32
198
118
132
197
138
47
87
49
15
8
98
48
182
36
158
127
107
28
94
127
23
151
15
130
32
83
73
145
99
104
53
185
26
27
67
118
155
145
21
9
146
8
57
2
161
117
169
196
139
178
101
28
200
179
114
112
134
102
148
145
