436 132
1 2
2 3
2 4
4 5
5 6
5 7
5 8
2 9
1 10
6 11
7 12
11 13
5 14
7 15
2 16
14 17
3 18
2 19
18 20
2 21
16 22
11 23
1 24
24 25
23 26
18 27
21 28
14 29
11 30
15 31
8 32
9 33
11 34
7 35
6 36
4 37
5 38
5 39
31 40
16 41
12 42
17 43
20 44
41 45
32 46
45 47
46 48
38 49
32 50
12 51
16 52
40 53
32 54
25 55
30 56
13 57
13 58
13 59
15 60
23 61
52 62
54 63
17 64
27 65
7 66
19 67
64 68
65 69
51 70
55 71
1 72
15 73
56 74
2 75
41 76
72 77
37 78
33 79
26 80
16 81
72 82
60 83
45 84
74 85
51 86
48 87
70 88
29 89
32 90
64 91
42 92
25 93
86 94
46 95
34 96
56 97
26 98
93 99
97 100
14 101
9 102
80 103
47 104
69 105
54 106
7 107
61 108
32 109
17 110
42 111
102 112
107 113
37 114
81 115
12 116
99 117
84 118
88 119
50 120
56 121
43 122
52 123
122 124
28 125
55 126
115 127
58 128
14 129
73 130
61 131
41 132
102 133
19 134
108 135
130 136
97 137
119 138
61 139
95 140
18 141
118 142
59 143
41 144
118 145
124 146
37 147
133 148
129 149
144 150
53 151
5 152
70 153
29 154
35 155
33 156
48 157
99 158
105 159
43 160
89 161
155 162
140 163
162 164
56 165
65 166
36 167
79 168
139 169
169 170
52 171
37 172
85 173
5 174
168 175
160 176
166 177
108 178
129 179
162 180
39 181
147 182
47 183
41 184
162 185
130 186
18 187
30 188
72 189
110 190
50 191
51 192
105 193
118 194
32 195
128 196
59 197
57 198
137 199
166 200
44 201
67 202
136 203
45 204
41 205
17 206
142 207
136 208
108 209
37 210
33 211
69 212
99 213
142 214
99 215
111 216
138 217
28 218
141 219
109 220
199 221
118 222
214 223
221 224
183 225
210 226
216 227
8 228
105 229
199 230
229 231
210 232
131 233
68 234
115 235
28 236
31 237
221 238
181 239
236 240
83 241
164 242
76 243
155 244
134 245
180 246
79 247
191 248
92 249
228 250
137 251
16 252
192 253
80 254
79 255
163 256
169 257
10 258
39 259
30 260
41 261
62 262
199 263
263 264
194 265
196 266
51 267
152 268
43 269
148 270
264 271
35 272
12 273
15 274
183 275
198 276
103 277
241 278
227 279
191 280
53 281
10 282
182 283
176 284
76 285
174 286
251 287
205 288
2 289
165 290
154 291
53 292
180 293
90 294
256 295
55 296
2 297
59 298
214 299
114 300
168 301
105 302
223 303
253 304
240 305
203 306
174 307
185 308
175 309
31 310
207 311
281 312
81 313
55 314
31 315
133 316
94 317
69 318
63 319
294 320
173 321
236 322
91 323
222 324
85 325
198 326
108 327
11 328
141 329
86 330
174 331
235 332
198 333
43 334
57 335
80 336
234 337
112 338
45 339
254 340
73 341
223 342
309 343
42 344
271 345
88 346
44 347
165 348
223 349
77 350
281 351
192 352
343 353
29 354
304 355
8 356
95 357
152 358
288 359
159 360
142 361
285 362
5 363
47 364
309 365
242 366
141 367
67 368
173 369
252 370
8 371
46 372
325 373
296 374
94 375
338 376
376 377
286 378
14 379
270 380
189 381
337 382
17 383
53 384
130 385
13 386
335 387
366 388
303 389
349 390
350 391
52 392
245 393
88 394
86 395
294 396
11 397
297 398
180 399
295 400
325 401
75 402
72 403
343 404
352 405
181 406
134 407
89 408
302 409
203 410
219 411
107 412
198 413
132 414
61 415
393 416
360 417
49 418
3 419
83 420
98 421
232 422
117 423
89 424
5 425
45 426
66 427
171 428
28 429
46 430
301 431
327 432
153 433
292 434
12 435
77 436
