370 400 1
1 2
2 3
1 4
2 5
1 6
6 7
2 8
7 9
6 10
3 11
7 12
2 13
3 14
7 15
9 16
4 17
9 18
17 19
2 20
2 21
1 22
19 23
9 24
10 25
11 26
4 27
11 28
4 29
4 30
5 31
30 32
16 33
14 34
27 35
24 36
14 37
19 38
33 39
25 40
4 41
23 42
38 43
42 44
21 45
27 46
20 47
11 48
22 49
47 50
2 51
9 52
39 53
1 54
13 55
17 56
43 57
33 58
16 59
36 60
31 61
18 62
32 63
18 64
42 65
45 66
1 67
55 68
5 69
34 70
23 71
58 72
25 73
31 74
9 75
8 76
19 77
23 78
7 79
22 80
32 81
31 82
45 83
30 84
33 85
29 86
25 87
31 88
71 89
88 90
55 91
25 92
64 93
83 94
90 95
94 96
75 97
28 98
26 99
73 100
7 101
96 102
101 103
56 104
9 105
42 106
55 107
72 108
45 109
76 110
91 111
61 112
39 113
33 114
94 115
51 116
102 117
67 118
100 119
33 120
120 121
60 122
4 123
120 124
34 125
23 126
60 127
9 128
13 129
75 130
48 131
1 132
25 133
117 134
87 135
96 136
65 137
124 138
96 139
93 140
139 141
34 142
120 143
68 144
35 145
37 146
94 147
97 148
45 149
38 150
97 151
46 152
19 153
137 154
125 155
53 156
34 157
66 158
19 159
44 160
49 161
66 162
152 163
36 164
149 165
101 166
35 167
81 168
10 169
91 170
101 171
77 172
92 173
85 174
167 175
130 176
6 177
86 178
155 179
159 180
8 181
177 182
80 183
145 184
184 185
24 186
109 187
129 188
13 189
173 190
77 191
108 192
150 193
18 194
43 195
172 196
35 197
127 198
97 199
187 200
142 201
86 202
46 203
176 204
127 205
57 206
24 207
107 208
95 209
30 210
200 211
6 212
188 213
167 214
62 215
108 216
70 217
18 218
30 219
20 220
28 221
19 222
29 223
112 224
178 225
57 226
197 227
64 228
161 229
118 230
202 231
44 232
183 233
189 234
119 235
173 236
46 237
174 238
201 239
61 240
26 241
94 242
5 243
231 244
208 245
228 246
246 247
177 248
194 249
144 250
181 251
133 252
137 253
51 254
50 255
39 256
130 257
93 258
229 259
40 260
52 261
209 262
240 263
91 264
18 265
238 266
212 267
235 268
247 269
43 270
192 271
46 272
206 273
155 274
201 275
12 276
27 277
113 278
200 279
188 280
59 281
127 282
255 283
71 284
164 285
198 286
262 287
47 288
22 289
148 290
99 291
50 292
36 293
177 294
38 295
58 296
268 297
50 298
214 299
21 300
110 301
189 302
64 303
156 304
268 305
233 306
108 307
82 308
26 309
285 310
265 311
60 312
88 313
280 314
293 315
236 316
48 317
284 318
52 319
82 320
27 321
34 322
170 323
213 324
307 325
317 326
153 327
200 328
75 329
96 330
330 331
158 332
68 333
283 334
107 335
279 336
187 337
124 338
166 339
109 340
222 341
37 342
122 343
32 344
133 345
284 346
238 347
66 348
177 349
97 350
233 351
207 352
348 353
186 354
82 355
281 356
243 357
32 358
34 359
132 360
229 361
323 362
255 363
240 364
316 365
358 366
182 367
365 368
45 369
31 370
202 215
258 113
21 203
51 280
220 113
132 142
219 267
34 43
123 120
21 144
178 239
45 199
262 259
326 345
330 320
275 161
216 162
326 289
46 58
250 266
171 64
330 122
165 134
293 185
278 153
53 4
351 366
262 358
340 222
359 296
64 205
175 19 77 191
