385 886
1 1 2 4 5 1 4 8 7 3 7 10 7 10 1 10 15 1 14 9 1 11 14 7 6 20 10 6 27 19 17 18 21 19 31 22 11 15 31 2 17 39 11 40 3 39 42 46 21 29 1 28 32 18 28 10 27 32 26 34 51 58 12 1 23 8 55 32 12 8 12 19 14 65 58 43 70 50 4 66 56 75 63 12 62 6 83 51 63 12 33 80 69 66 4 92 82 62 1 99 31 38 38 47 4 11 32 35 72 22 59 106 56 50 76 62 77 7 111 66 47 84 11 28 84 21 99 92 71 37 15 79 120 120 30 51 19 109 126 70 26 101 70 26 86 78 120 148 31 69 75 106 54 77 108 128 76 21 149 91 75 96 93 14 29 146 58 62 1 67 129 36 65 56 50 71 126 83 155 75 61 173 17 26 2 21 61 104 26 84 49 170 77 148 27 85 97 175 37 19 201 31 200 122 105 160 160 9 159 121 131 83 80 199 190 166 19 166 81 10 184 204 63 221 181 27 105 200 156 108 219 47 16 94 85 207 213 91 18 183 215 38 44 49 198 235 172 178 39 185 22 136 38 239 74 67 150 39 128 240 156 29 178 238 236 9 217 167 42 146 155 47 224 177 117 56 191 121 177 4 99 139 90 99 23 120 276 67 177 88 283 288 90 110 247 230 173 46 154 28 66 252 194 154 172 280 38 72 308 22 218 260 32 58 149 128 289 168 188 96 35 156 232 151 274 162 254 143 268 279 8 273 64 49 61 34 158 131 180 126 144 268 113 266 266 161 69 190 221 129 41 18 49 321 297 153 17 255 346 358 230 153 290 18 179 254 141 148 331 59 57 72 300 325 179 279 273 281 58 27 117 168 95 293 
326 80
381 328
268 14
294 178
118 51
205 38
380 278
206 336
183 54
187 152
201 202
190 223
263 117
54 46
47 78
125 36
177 165
383 171
321 348
341 241
274 346
12 92
141 182
208 90
183 13
339 19
147 353
196 45
307 344
85 198
168 337
164 130
47 60
224 355
149 280
267 245
227 191
75 17
139 23
364 78
206 258
38 345
209 374
353 42
267 254
188 174
313 250
54 61
37 265
176 223
84 177
182 338
78 82
306 133
13 8
190 381
57 228
341 81
232 269
76 17
207 382
323 57
103 276
1 361
44 291
117 88
312 171
202 263
21 44
216 171
203 164
341 211
356 363
200 149
90 214
137 73
383 251
86 268
38 327
31 131
225 209
7 240
96 303
339 38
24 267
321 136
181 209
310 385
121 241
149 11
86 55
245 16
288 316
24 78
230 338
255 97
229 358
56 132
280 308
24 124
158 69
126 262
136 199
130 204
135 227
355 5
243 209
50 322
291 116
269 213
372 345
57 282
98 362
338 116
73 296
227 240
356 333
162 335
10 25
169 174
323 328
3 377
379 38
41 355
32 318
207 134
12 240
52 370
302 68
27 217
203 254
19 179
144 182
252 202
56 86
269 314
382 369
322 291
201 116
133 300
267 259
28 13
121 224
138 98
61 250
4 318
112 211
300 186
291 182
152 169
173 146
19 38
287 316
158 306
35 361
181 22
349 109
271 316
360 4
9 126
270 208
193 151
248 377
329 320
86 145
209 233
112 63
278 88
190 90
220 333
71 116
251 37
373 321
365 376
33 27
225 200
98 42
293 278
364 382
30 169
132 188
322 15
10 96
282 150
101 50
354 95
294 43
254 35
383 247
218 40
382 84
128 330
274 126
64 350
330 14
293 234
218 264
133 368
327 90
311 198
367 46
262 311
318 336
207 11
359 96
92 21
279 46
258 333
134 328
286 184
365 289
96 346
214 44
330 220
67 29
299 183
99 89
8 20
144 352
58 167
57 221
29 113
379 346
338 31
126 113
328 218
316 143
19 37
54 91
74 217
68 43
42 340
371 168
362 245
146 246
298 32
330 256
310 119
376 227
12 6
300 354
281 102
369 251
26 120
46 25
147 238
371 45
48 253
265 365
123 91
139 306
87 65
345 13
100 361
61 338
195 115
350 198
367 256
137 157
218 377
169 249
33 155
290 308
176 341
194 282
334 71
64 328
188 341
267 115
26 225
146 220
175 18
72 226
45 262
180 311
87 11
354 375
101 236
331 199
55 41
356 346
202 207
362 19
170 166
144 311
274 207
383 267
341 80
63 324
182 170
118 124
210 183
378 162
4 254
301 165
336 122
275 353
199 257
175 186
280 105
23 346
213 85
25 163
172 267
174 313
156 25
5 173
67 333
53 301
369 79
250 109
39 298
374 317
302 272
358 272
288 192
329 235
332 9
86 319
366 258
320 324
192 85
90 50
215 238
115 141
371 167
86 290
289 160
299 362
7 294
177 324
285 57
255 82
23 349
163 113
157 352
56 241
185 120
209 8
194 66
33 182
287 149
161 176
12 9
53 153
222 5
314 169
269 317
7 253
138 242
49 168
222 62
39 176
216 40
28 16
33 279
332 92
345 370
224 40
359 24
148 43
337 77
186 377
24 70
272 211
44 191
142 198
291 318
336 257
69 251
335 180
198 327
330 16
27 66
221 224
225 346
288 349
151 25
371 293
65 109
150 77
215 281
142 240
228 116
50 192
282 212
293 104
33 168
87 375
210 36
231 174
326 379
90 176
361 78
9 231
346 111
229 52
187 229
282 11
374 78
180 169
45 151
144 25
161 300
264 275
74 272
251 249
168 178
378 79
305 115
159 180
322 21
335 208
340 165
36 16
72 161
72 187
292 281
73 153
69 37
266 4
373 327
133 373
137 356
72 207
28 10
100 68
362 136
22 297
308 177
111 74
122 225
46 199
254 277
373 102
9 44
334 168
117 122
117 51
243 14
16 371
373 301
134 314
282 91
184 224
346 92
313 68
40 23
316 267
207 380
21 350
324 357
282 145
217 149
292 180
123 283
218 255
91 266
177 374
202 319
87 350
116 14
127 334
109 22
236 287
194 169
83 217
349 212
222 125
280 353
68 199
209 260
192 322
33 232
323 118
103 350
347 188
243 108
102 278
379 243
188 317
45 199
380 312
200 205
200 109
157 54
328 31
333 309
151 377
308 166
374 208
247 242
12 118
174 68
206 36
234 53
323 381
187 232
264 157
156 326
257 148
336 306
105 148
117 208
8 190
365 196
377 57
302 259
17 138
39 52
1 42
312 142
144 370
276 301
319 94
67 312
326 373
257 34
50 303
199 262
99 108
94 213
364 194
85 72
341 152
54 271
380 363
53 118
193 326
71 293
223 353
85 42
152 176
197 102
78 308
32 304
85 37
185 196
343 288
177 155
369 153
180 209
174 308
362 37
314 383
251 341
214 99
104 189
33 269
240 2
371 152
227 216
58 191
39 224
379 300
67 248
335 66
39 115
338 349
339 108
86 80
343 268
385 295
128 110
350 23
127 181
337 106
263 19
89 307
242 270
286 297
350 302
192 215
327 107
140 3
79 73
379 214
111 275
191 11
307 145
133 120
32 141
355 379
159 308
55 99
290 98
282 331
146 228
123 367
239 102
50 282
194 274
110 86
118 299
336 100
331 188
131 5
241 66
1 206
165 283
237 98
198 26
149 16
94 245
73 20
328 262
100 152
370 66
330 38
59 129
182 110
42 302
231 224
297 267
131 214
240 54
31 191
261 292
316 227
25 308
283 321
72 368
378 149
234 101
223 147
353 147
199 268
19 262
197 384
134 372
296 332
145 358
59 78
251 292
150 280
260 50
227 263
111 302
14 113
278 374
353 295
320 242
11 342
244 31
137 204
4 201
72 18
341 134
79 323
349 376
151 242
187 67
51 118
126 231
239 384
92 300
366 79
125 245
369 87
119 69
42 264
198 277
24 88
26 136
332 241
161 132
207 40
95 303
243 109
221 242
139 84
279 78
247 353
86 30
280 351
314 307
13 255
190 288
36 371
221 173
226 100
276 22
6 334
53 124
154 249
76 98
382 138
241 235
246 21
340 287
35 9
22 381
99 335
155 30
39 117
215 1
201 337
55 271
153 331
215 319
60 41
378 128
185 20
43 368
281 135
229 193
291 308
256 47
341 203
93 165
132 167
87 245
378 231
250 310
332 137
34 90
248 232
151 332
83 138
14 105
275 385
382 136
21 120
115 358
294 192
96 27
261 210
359 226
87 55
330 115
25 14
325 367
222 163
141 97
85 266
274 39
255 273
204 87
307 329
257 300
383 311
240 87
374 179
5 292
212 174
113 374
385 345
124 207
119 48
27 9
215 362
219 32
307 218
212 91
177 289
32 30
7 37
191 339
169 185
15 201
186 283
125 99
31 252
298 173
4 34
119 226
282 283
335 149
95 138
86 225
306 149
181 98
203 25
62 86
349 348
135 43
370 384
315 239
280 176
303 6
213 221
275 53
256 320
337 93
249 79
267 149
317 8
335 123
141 65
362 290
153 48
234 238
149 121
345 174
51 125
151 82
22 277
169 28
363 151
371 276
287 165
6 31
131 319
313 46
156 13
62 157
242 144
211 312
54 140
202 157
330 146
261 219
205 269
346 175
7 61
141 160
102 256
250 110
184 136
65 10
342 305
364 226
191 226
9 30
311 197
46 74
235 251
98 168
350 251
6 365
76 333
248 194
178 74
235 275
335 62
232 182
266 231
125 59
198 290
70 277
43 97
338 119
15 289
262 265
269 117
80 91
172 290
272 174
62 383
272 33
181 297
351 31
250 275
307 205
114 346
26 285
375 85
258 255
277 347
346 76
160 339
143 91
230 94
381 361
60 300
324 364
271 175
91 137
297 4
313 64
236 275
89 252
322 162
154 99
351 278
16 226
243 159
369 261
265 312
133 107
271 160
81 311
140 13
4 211
73 282
94 201
