1 1
2 2
3 4
4 8
5 16
6 21
7 42
8 51
9 102
10 112
11 224
12 235
13 470
14 486
15 972
16 990
17 1980
18 2002
19 4004
20 4027
21 8054
22 8078
23 16156
24 16181
25 32362
26 32389
27 64778
28 64806
29 129612
30 129641
31 259282
32 259313
33 518626
34 518658
35 1037316
36 1037349
37 2074698
38 2074734
39 4149468
40 4149505
41 8299010
42 8299049
43 16598098
44 16598140
45 33196280
46 33196324
47 66392648
48 66392693
49 132785386
50 132785432
51 265570864
52 265570912
53 531141824
54 531141876
55 1062283752
56 1062283805
57 2124567610
58 2124567664
59 4249135328
60 4249135383
61 8498270766
62 8498270822
63 16996541644
64 16996541701
65 33993083402
66 33993083460
67 67986166920
68 67986166979
69 135972333958
70 135972334020
71 271944668040
72 271944668103
73 543889336206
74 543889336270
75 1087778672540
76 1087778672605
77 2175557345210
78 2175557345276
79 4351114690552
80 4351114690619
81 8702229381238
82 8702229381306
83 17404458762612
84 17404458762681
85 34808917525362
86 34808917525433
87 69617835050866
88 69617835050938
89 139235670101876
90 139235670101949
91 278471340203898
92 278471340203972
93 556942680407944
94 556942680408019
95 1113885360816038
96 1113885360816114
97 2227770721632228
98 2227770721632305
99 4455541443264610
100 4455541443264688
101 8911082886529376
102 8911082886529455
103 17822165773058910
104 17822165773058990
105 35644331546117980
106 35644331546118062
107 71288663092236124
108 71288663092236207
109 142577326184472414
110 142577326184472498
111 285154652368944996
112 285154652368945081
113 570309304737890162
114 570309304737890249
115 1140618609475780498
116 1140618609475780586
117 2281237218951561172
118 2281237218951561261
119 4562474437903122522
120 4562474437903122612
