39 17 327120
5 2627837294
12 18039275
12 783606423
16 4171326237
11 964338870
16 102873228
12 4269095447
2 885129091
15 2883645362
14 2566008810
3 432772277
14 3167471591
7 3992016504
3 1631087677
1 3909645527
4 2936639553
13 896185750
12 1622896202
16 1593623682
9 2569718590
6 515201179
13 1522325078
8 2492270347
13 343982823
15 2450659000
3 2287062080
1 3285066458
7 4287786337
11 4202631736
2 1120945128
11 3669322669
5 2417710573
14 1381764582
9 1185408899
4 1547200172
17 2815779725
7 1207526730
17 4165814898
10 1043598969
