63
2 1
3 1
4 3
5 3
6 3
7 2
8 5
9 1
10 7
11 8
12 3
13 11
14 2
15 2
16 10
17 11
18 16
19 14
20 17
21 11
22 1
23 1
24 19
25 24
26 4
27 10
28 10
29 1
30 17
31 15
32 16
33 14
34 3
35 17
36 5
37 14
38 33
39 14
40 3
41 3
42 23
43 15
44 6
45 9
46 44
47 26
48 26
49 3
50 33
51 28
52 13
53 44
54 4
55 9
56 26
57 45
58 22
59 9
60 14
61 57
62 55
63 18
99
27
10 23 25 34 56 36 38 4 59 22 8 53 45 7 1 55 57 41 29 18 11 51 15 26 31 47 12 
23
18 56 4 29 59 48 28 41 13 54 58 9 17 33 15 36 37 51 34 6 60 57 31 
30
55 21 45 46 27 25 47 14 13 37 57 50 51 7 63 49 11 24 48 20 52 18 22 39 42 38 54 35 23 60 
30
40 35 26 2 45 22 3 5 15 30 17 50 61 1 59 38 25 48 41 36 56 62 13 27 47 52 53 4 42 37 
30
16 10 51 2 9 56 61 3 26 30 48 40 1 52 24 34 18 37 8 57 6 50 20 11 13 54 15 41 27 21 
33
29 4 12 41 6 43 38 11 49 32 19 36 13 23 14 37 10 5 18 30 44 55 2 47 17 62 27 9 34 46 58 42 3 
30
29 21 19 13 52 10 17 60 62 59 37 46 42 16 9 33 3 56 12 48 40 58 18 44 22 8 34 36 41 6 
34
7 56 22 19 53 48 41 16 43 13 18 9 21 24 8 55 4 40 29 30 11 32 62 35 51 34 60 52 37 23 31 2 1 44 
39
12 37 30 56 18 63 5 29 35 54 1 38 14 6 27 24 43 21 62 19 61 44 17 15 36 51 52 31 59 40 4 57 11 58 2 25 3 55 8 
31
22 54 36 38 45 6 30 3 37 48 8 49 43 18 11 42 52 32 4 51 9 1 14 39 34 58 10 24 62 20 2 
31
20 19 40 43 39 33 42 16 13 31 46 59 1 18 17 63 21 9 8 2 49 22 25 29 14 61 26 4 41 12 7 
26
31 43 28 45 17 38 15 7 55 3 29 21 49 10 30 48 26 5 42 16 18 25 53 47 34 32 
28
30 56 26 37 15 20 58 17 21 51 19 8 42 1 45 43 63 28 31 62 3 47 50 39 49 35 9 14 
32
5 37 33 15 51 1 54 61 63 10 29 23 13 49 2 16 31 20 59 46 44 8 56 14 9 28 57 50 41 36 22 4 
28
60 39 32 47 61 49 58 63 28 35 2 23 10 7 27 45 33 48 17 22 9 1 18 30 12 59 31 57 
27
55 49 30 50 20 6 32 24 61 36 4 9 1 34 12 56 21 47 8 11 37 19 31 44 48 26 10 
36
49 54 31 20 16 32 11 52 30 46 10 1 58 33 34 14 56 47 35 24 61 6 57 3 55 38 62 37 43 44 39 22 51 63 8 27 
27
49 50 41 3 63 36 39 19 54 10 30 17 31 37 6 21 25 28 15 7 29 52 62 16 44 26 43 
34
26 30 50 4 23 13 39 31 46 54 18 20 33 45 5 49 17 6 3 59 24 19 37 62 63 14 52 53 27 7 51 12 32 57 
26
46 45 51 49 37 53 34 40 6 16 10 30 33 41 58 15 7 52 48 50 43 32 42 27 11 59 
31
9 56 2 12 52 43 11 16 41 58 47 8 32 54 29 23 34 53 59 48 55 60 17 10 42 35 51 62 20 46 45 
26
35 28 61 23 60 11 10 47 38 62 8 26 4 20 12 53 1 7 43 6 44 21 34 19 16 33 
32
40 35 49 55 58 57 11 2 53 26 12 30 5 24 19 46 4 59 6 39 52 45 22 37 20 7 33 51 36 18 42 28 
27
25 16 3 61 44 30 58 37 50 28 52 47 24 49 1 20 51 46 26 13 27 15 5 42 63 59 29 
29
23 40 16 63 35 47 28 17 6 59 39 54 20 45 49 1 43 46 52 27 37 36 48 5 18 2 31 22 61 
32
59 47 7 16 10 30 21 46 39 19 27 4 29 45 42 41 13 49 57 35 56 51 43 2 15 58 26 14 61 22 23 5 
33
8 17 18 41 47 38 46 16 25 24 50 40 58 1 53 20 23 7 22 6 34 62 26 45 5 44 11 60 48 28 10 35 4 
24
57 27 31 60 41 52 25 35 9 33 1 55 54 40 23 53 39 18 4 12 51 24 43 34 
32
55 9 62 11 44 29 39 22 53 43 7 42 47 31 28 52 61 40 54 5 12 63 6 36 45 16 38 26 32 14 13 49 
35
44 4 14 19 13 2 10 55 29 20 23 59 38 51 24 40 27 12 42 25 30 50 43 5 48 32 21 46 22 9 26 53 62 57 56 
29
4 63 17 47 60 59 22 39 40 18 2 30 12 19 32 36 48 9 41 43 11 46 45 61 24 6 55 1 35 
33
48 2 30 35 37 40 38 57 55 63 25 52 43 45 13 14 16 34 50 6 56 20 60 21 58 12 11 32 59 62 7 24 33 
30
49 10 38 14 13 16 63 39 61 41 28 31 35 55 57 29 25 40 47 4 24 1 26 44 12 58 52 36 7 56 
37
2 11 18 14 61 15 29 45 50 43 30 10 27 60 41 20 26 13 40 6 51 58 4 19 47 35 7 37 25 49 62 46 39 3 28 12 8 
29
3 13 45 1 53 49 37 60 19 58 38 6 33 18 15 23 28 9 55 26 32 31 12 56 25 51 27 59 57 
27
9 50 41 34 45 54 18 56 27 49 30 61 58 19 28 48 5 33 39 16 38 26 51 46 59 31 40 
28
20 60 9 11 33 16 56 18 34 47 48 57 36 31 44 17 46 49 45 39 43 3 24 50 59 42 15 58 
26
16 10 38 28 24 20 1 55 8 63 62 23 26 31 17 46 33 57 21 14 60 44 32 54 5 36 
33
1 25 44 55 21 26 31 41 58 6 22 18 40 47 32 34 36 15 54 53 37 57 4 27 23 39 13 49 52 33 46 61 28 
27
50 55 29 62 4 33 31 45 28 12 1 17 26 46 20 32 48 16 36 47 19 25 49 8 18 13 23 
32
19 28 32 29 26 49 7 43 57 54 62 41 27 12 51 9 20 5 58 38 4 37 3 13 35 36 30 40 6 50 56 48 
37
63 40 12 26 2 14 45 57 39 22 19 15 24 51 3 55 17 5 50 43 20 27 16 4 30 10 49 42 8 61 23 56 33 6 58 59 52 
28
12 59 25 45 15 50 14 3 9 39 37 41 61 13 17 33 32 31 19 62 49 43 21 28 58 5 55 36 
38
39 45 57 28 47 35 26 34 2 7 41 27 8 44 14 62 18 63 22 19 11 1 20 61 6 59 38 43 30 24 33 16 3 49 31 13 21 42 
29
20 31 33 29 6 63 36 16 47 1 39 42 43 25 32 27 38 24 61 45 48 59 37 46 34 9 41 53 51 
30
47 15 21 38 4 28 12 2 44 63 33 62 45 1 32 53 17 57 26 39 60 11 5 7 18 34 54 20 52 19 
28
48 30 53 17 10 50 46 59 23 21 34 52 3 54 39 15 62 40 8 7 2 14 9 29 16 25 5 4 
34
21 16 56 45 5 53 15 41 17 1 3 44 38 60 6 24 61 20 13 48 63 57 7 19 39 62 34 33 30 59 29 26 25 35 
31
57 54 35 14 63 30 4 29 58 18 59 38 1 26 25 33 32 36 22 51 7 3 34 27 9 55 60 52 6 21 48 
33
15 18 3 24 27 12 58 11 59 57 37 19 51 41 14 50 30 6 25 54 46 33 40 53 45 4 10 13 38 34 26 49 55 
32
7 11 55 43 29 14 58 31 42 20 34 13 52 57 10 41 47 32 51 38 39 36 46 23 22 27 49 44 21 59 33 25 
26
63 13 33 61 8 1 12 22 47 34 58 21 60 41 55 45 24 44 4 14 57 49 54 38 30 62 
33
7 36 62 42 35 43 54 17 61 19 30 46 14 40 32 25 53 28 22 56 26 37 20 34 13 39 8 38 4 50 58 48 5 
31
18 52 41 33 13 11 21 15 47 16 22 39 27 24 60 38 55 25 61 6 34 57 17 12 10 32 53 43 5 14 56 
33
32 1 42 47 41 46 6 63 29 37 50 15 45 33 7 43 11 27 4 31 53 21 12 59 23 38 19 54 48 20 35 18 40 
26
27 22 44 43 2 59 16 33 24 29 51 5 46 23 49 53 25 11 54 55 35 37 61 15 40 52 
27
50 56 21 61 18 16 44 46 42 47 26 28 4 33 24 10 49 48 43 7 17 57 38 58 52 41 25 
33
38 25 22 9 39 5 4 47 36 26 34 35 57 55 54 17 43 62 2 63 30 21 6 53 61 52 19 20 45 15 51 23 48 
32
31 20 22 9 10 58 14 26 25 11 17 19 1 34 60 45 42 59 24 51 6 54 29 18 62 50 30 4 16 12 35 44 
33
5 44 32 19 14 60 11 36 41 12 49 22 54 37 25 39 57 55 33 27 40 7 61 59 52 8 43 42 13 63 16 45 18 
32
54 61 27 8 11 2 15 52 48 12 17 28 63 40 43 55 32 37 22 20 41 60 36 39 6 49 23 7 38 44 13 26 
20
50 55 31 33 1 44 25 26 14 15 58 37 39 13 52 11 19 45 4 40 
32
24 31 35 49 38 63 46 41 14 3 23 26 18 52 39 29 8 48 13 6 61 42 10 34 55 16 54 53 27 2 44 58 
32
33 32 40 50 8 63 21 6 62 3 37 12 61 10 1 54 2 36 47 44 18 11 5 27 52 9 43 20 17 48 25 26 
33
28 11 46 57 55 20 7 8 49 10 50 38 61 47 2 63 29 45 22 12 17 4 23 30 27 26 52 43 54 14 41 18 25 
35
55 1 61 62 52 11 40 59 56 41 7 47 4 33 8 5 60 2 45 6 63 50 9 29 13 30 19 57 31 27 54 53 46 3 38 
30
15 57 18 33 50 44 20 34 5 60 63 26 17 8 14 41 35 11 46 58 1 40 42 54 48 52 16 49 30 45 
32
45 27 52 9 34 40 21 1 4 62 43 2 47 32 17 30 20 48 23 24 63 50 18 53 25 7 6 42 8 61 49 54 
33
27 1 39 15 7 12 57 52 54 55 63 16 60 40 24 41 46 47 4 30 58 49 43 34 53 48 2 29 25 62 17 14 56 
34
6 63 25 50 57 43 30 20 4 52 36 21 39 53 48 16 40 29 9 34 18 23 41 26 38 42 15 19 33 22 7 2 13 28 
33
57 48 56 12 49 35 5 15 24 17 42 61 44 41 39 23 2 6 3 25 47 52 45 40 1 27 60 51 18 7 22 62 43 
37
38 59 15 53 49 44 52 11 17 31 39 19 55 9 16 42 8 27 36 30 22 20 41 29 4 12 62 18 58 7 46 54 5 51 37 33 34 
30
49 58 28 23 27 1 5 55 31 42 18 61 26 13 32 15 60 57 33 41 44 59 4 62 38 14 54 40 7 47 
33
63 58 62 12 55 45 17 47 49 27 11 22 44 25 20 24 26 1 16 19 9 57 52 32 53 2 41 36 54 42 29 30 28 
29
45 57 24 3 18 49 39 46 47 13 11 33 48 7 29 55 14 9 31 37 56 10 61 50 20 26 17 15 44 
27
63 34 54 57 29 5 58 4 56 55 9 48 22 51 59 14 36 2 13 42 20 32 52 43 39 7 11 
27
3 17 39 34 61 16 35 31 4 55 5 37 9 15 42 7 46 6 22 51 45 54 44 26 21 33 52 
28
56 27 4 24 61 15 42 3 22 40 45 57 9 21 34 41 19 28 23 14 48 1 44 39 37 7 5 18 
30
50 18 58 26 13 15 30 21 54 22 1 44 40 35 57 6 33 61 47 49 11 28 12 3 25 62 14 29 37 51 
34
47 32 5 22 56 61 10 43 46 38 18 53 60 17 59 2 19 25 30 51 7 9 29 34 58 21 8 52 42 24 41 28 14 15 
36
13 37 50 5 49 62 56 51 1 52 40 25 28 9 4 8 24 45 7 44 6 22 42 19 29 27 58 30 55 2 17 14 53 33 32 59 
35
9 3 37 55 44 7 48 24 49 15 12 18 61 6 35 38 63 47 51 31 11 43 21 8 19 50 54 42 17 53 58 60 46 52 62 
34
58 44 3 50 40 59 53 46 57 38 36 39 56 15 49 34 2 28 7 13 51 5 29 27 30 9 63 14 22 19 18 52 42 41 
37
22 43 63 31 24 28 44 18 45 13 19 53 56 10 48 1 62 37 42 14 11 5 30 29 15 38 33 16 49 20 61 57 26 50 52 6 54 
40
57 46 23 13 49 18 4 20 28 16 25 43 9 26 63 58 5 3 50 60 51 24 44 52 22 40 33 48 55 11 15 17 35 34 30 38 37 14 7 10 
33
60 57 32 41 39 28 21 62 8 3 48 42 56 59 31 7 18 17 26 45 44 43 10 2 51 40 6 22 5 63 38 25 37 
36
21 58 16 17 12 29 49 15 62 9 55 28 14 37 7 2 48 30 57 43 38 19 40 20 60 24 1 54 46 42 10 56 45 22 5 32 
33
37 32 26 50 49 2 36 11 62 61 9 53 21 23 59 38 63 16 48 52 24 60 15 51 1 31 46 58 42 57 55 3 10 
24
15 16 44 35 53 19 31 51 40 49 17 32 1 42 46 22 57 29 4 9 47 45 55 58 
30
9 11 22 19 35 48 52 4 63 3 23 31 61 32 15 14 29 2 45 43 55 1 47 46 59 5 21 44 49 57 
27
59 10 62 3 25 20 38 29 50 37 16 58 41 36 56 53 31 51 47 57 7 1 49 63 8 6 2 
28
44 42 34 23 46 29 16 33 10 21 61 18 2 55 14 30 56 43 11 40 57 19 48 59 35 8 20 3 
35
38 42 9 28 26 57 50 44 23 7 56 30 39 55 13 34 3 49 10 53 29 22 52 2 37 20 47 16 48 46 60 17 59 19 14 
32
8 19 39 38 55 46 59 26 42 3 53 25 54 47 37 15 63 58 31 60 6 36 35 49 56 57 14 20 23 27 51 5 
33
7 47 48 31 58 41 62 17 35 34 16 8 28 54 55 60 59 19 51 37 63 36 38 43 5 20 52 53 26 4 33 61 6 
29
23 5 3 24 14 50 58 45 39 20 54 44 57 17 49 10 56 4 38 11 52 62 46 63 29 40 55 61 12 
30
35 40 15 43 2 29 63 23 16 58 25 32 37 22 45 54 6 5 51 7 41 13 42 36 9 39 18 56 26 24 
33
55 17 37 46 9 29 62 12 57 2 39 22 44 41 35 38 3 42 49 30 21 50 27 36 8 11 23 19 15 14 13 60 28 
36
14 12 47 31 32 63 8 24 5 19 16 28 54 50 29 41 18 49 33 56 61 15 23 60 43 7 59 10 51 9 2 6 45 1 42 20 
