2083 1830 351
2 1 6840
3 1 8885
4 3 6137
5 2 5443
6 3 3498
7 5 3391
8 6 3200
9 3 5389
10 2 6115
11 8 9092
12 4 8840
13 8 1688
14 8 1955
15 6 1373
16 6 2377
17 13 9032
18 15 7144
19 2 3529
20 16 8143
21 17 2227
22 19 1786
23 10 3820
24 8 9784
25 14 6123
26 1 566
27 17 9913
28 21 4926
29 26 6775
30 15 5740
31 27 358
32 22 3457
33 6 3895
34 31 7460
35 12 2288
36 35 8085
37 2 6746
38 9 7657
39 28 2016
40 12 2410
41 8 5455
42 14 3213
43 14 1330
44 4 3456
45 36 1709
46 8 7955
47 25 3797
48 10 1401
49 19 2823
50 18 8450
51 34 2459
52 27 117
53 42 3629
54 37 9141
55 54 3431
56 50 3489
57 16 3041
58 54 7601
59 14 8157
60 7 436
61 59 7962
62 17 8513
63 61 2702
64 36 3378
65 27 8930
66 64 9484
67 7 6745
68 6 8135
69 52 6673
70 10 5364
71 47 7664
72 52 9622
73 68 9665
74 15 3233
75 74 5045
76 56 1558
77 44 3045
78 12 2189
79 49 1680
80 43 8881
81 66 6564
82 72 2964
83 47 3682
84 53 471
85 43 6533
86 14 5525
87 10 2671
88 60 6724
89 38 3883
90 77 9351
91 89 2425
92 83 5328
93 91 4900
94 47 5923
95 86 9217
96 87 2417
97 65 3014
98 10 4862
99 51 8589
100 34 1098
101 27 8376
102 65 6778
103 60 3107
104 63 615
105 30 529
106 6 9664
107 21 9575
108 19 5240
109 70 5613
110 71 9974
111 60 6036
112 51 6166
113 90 8647
114 92 5938
115 104 393
116 76 2231
117 30 8850
118 23 9495
119 100 846
120 32 5072
121 85 8761
122 17 4857
123 112 2202
124 31 6904
125 121 9162
126 125 1777
127 90 1605
128 49 5009
129 35 7226
130 128 5311
131 59 2600
132 6 141
133 103 718
134 43 3605
135 52 7370
136 115 4003
137 136 9096
138 63 4755
139 116 3369
140 102 4974
141 87 5067
142 132 5641
143 77 1460
144 111 7322
145 65 7941
146 119 7386
147 92 6445
148 124 1447
149 43 6881
150 109 2813
151 142 3696
152 64 6304
153 21 6180
154 49 7727
155 116 5629
156 68 4107
157 110 282
158 71 1951
159 124 9148
160 47 6160
161 105 1858
162 114 8943
163 129 1314
164 160 2451
165 120 8064
166 79 1335
167 101 5540
168 155 9555
169 89 6855
170 101 7334
171 28 2119
172 165 1837
173 117 3859
174 79 5991
175 139 1813
176 151 2228
177 85 5957
178 164 6146
179 174 4644
180 57 1832
181 60 9262
182 64 5985
183 109 2332
184 147 5538
185 147 8344
186 120 8994
187 80 8376
188 27 8898
189 90 6920
190 121 9203
191 18 3005
192 167 396
193 110 4248
194 22 7331
195 115 4828
196 33 8519
197 169 2950
198 18 1151
199 177 8608
200 97 1632
201 55 2665
202 155 1457
203 146 7705
204 12 2361
205 65 7311
206 54 3676
207 203 1785
208 80 3723
209 165 1650
210 149 4194
211 6 9705
212 197 5074
213 202 6253
214 161 4854
215 143 3776
216 59 3239
217 116 8229
218 190 4134
219 204 4059
220 185 2220
221 214 7246
222 63 1975
223 168 1206
224 217 2334
225 95 3290
226 161 9765
227 117 8412
228 218 3935
229 137 7645
230 84 8742
231 2 2377
232 149 1677
233 177 1512
234 15 8208
235 213 5050
236 96 530
237 150 9053
238 30 2567
239 175 3876
240 103 5825
241 40 1608
242 178 2647
243 55 7584
244 229 3564
245 62 9811
246 48 6837
247 83 4183
248 199 7531
249 100 1974
250 248 3880
251 193 8743
252 221 1792
253 139 5514
254 123 6076
255 226 6747
256 229 3326
257 247 7487
258 114 3347
259 109 9045
260 228 4892
261 19 353
262 99 7587
263 64 2759
264 234 2763
265 243 2482
266 243 8553
267 90 5278
268 132 482
269 47 8744
270 117 7699
271 230 990
272 264 7912
273 265 9919
274 20 1655
275 153 6155
276 265 5878
277 171 185
278 156 5768
279 137 7819
280 205 752
281 48 2893
282 39 1973
283 271 6768
284 61 5726
285 118 688
286 260 5054
287 47 6543
288 40 6321
289 272 7282
290 143 4557
291 198 4802
292 117 1893
293 243 5948
294 139 6990
295 110 5324
296 227 7842
297 169 3326
298 1 8516
299 63 5830
300 232 9040
301 42 5872
302 54 8106
303 130 2995
304 163 1892
305 36 5483
306 65 2367
307 264 6463
308 137 6529
309 51 4893
310 76 7505
311 191 6746
312 33 8528
313 210 4570
314 78 5029
315 210 2537
316 313 5783
317 178 4176
318 138 5946
319 299 8162
320 69 8561
321 246 6794
322 85 3590
323 129 8337
324 57 4369
325 49 1759
326 209 599
327 243 8179
328 72 6336
329 151 1120
330 182 4768
331 172 2718
332 249 5204
333 2 9608
334 278 5843
335 205 1451
336 49 5155
337 304 8671
338 198 7457
339 252 2183
340 130 3066
341 134 4466
342 83 7686
343 115 8375
344 88 1330
345 322 8032
346 338 1343
347 125 8162
348 52 5201
349 77 1947
350 253 2747
351 46 4481
352 270 7185
353 143 1126
354 92 9158
355 243 6105
356 344 788
357 317 4406
358 299 1064
359 70 8947
360 356 3967
361 17 6667
362 114 7555
363 227 1391
364 247 3252
365 279 3851
366 238 9481
367 112 5426
368 154 2199
369 360 1041
370 75 9792
371 314 4381
372 155 2166
373 328 731
374 240 3078
375 261 4883
376 310 7637
377 292 1890
378 276 8658
379 363 5817
380 288 5956
381 96 1767
382 224 7240
383 364 4935
384 148 5814
385 255 3321
386 297 9307
387 79 6199
388 11 1550
389 245 7463
390 81 1101
391 248 5078
392 160 9145
393 99 9904
394 253 6726
395 97 814
396 137 6153
397 349 7794
398 323 852
399 283 5479
400 333 8898
401 110 1903
402 283 3633
403 102 2550
404 54 8056
405 364 1597
406 355 308
407 351 9452
408 198 8579
409 268 52
410 82 7003
411 221 9912
412 241 7865
413 249 1851
414 318 5198
415 229 76
416 181 6950
417 387 7725
418 142 1715
419 183 8544
420 219 6865
421 26 9686
422 260 4566
423 360 4328
424 388 8443
425 324 2010
426 82 8389
427 213 2350
428 59 6477
429 234 6294
430 427 7299
431 231 3453
432 297 5063
433 171 8719
434 368 4351
435 143 9711
436 28 3392
437 318 6563
438 301 5090
439 96 7982
440 303 9790
441 221 6673
442 70 2017
443 424 4358
444 421 6062
445 204 9903
446 393 44
447 242 1
448 123 1685
449 409 5949
450 239 502
451 390 1384
452 185 9634
453 149 274
454 257 3887
455 113 1213
456 422 6850
457 282 3255
458 376 3918
459 141 8719
460 437 8391
461 431 1854
462 316 3276
463 363 5858
464 153 749
465 190 5470
466 343 691
467 264 9930
468 271 1818
469 144 2956
470 107 3804
471 162 1822
472 402 4988
473 114 7373
474 297 8724
475 429 5102
476 406 6461
477 427 6859
478 96 8233
479 159 1125
480 155 7283
481 49 7170
482 450 516
483 261 6954
484 342 4860
485 341 6004
486 109 697
487 407 2856
488 246 4977
489 411 2780
490 143 6596
491 19 6599
492 6 645
493 96 9793
494 471 7155
495 46 1811
496 488 6664
497 129 3388
498 403 3695
499 452 2841
500 461 9737
501 8 41
502 394 1705
503 219 7635
504 198 394
505 117 2497
506 390 7229
507 356 3496
508 438 7753
509 420 4477
510 126 3763
511 21 8868
512 426 9796
513 477 9701
514 437 6379
515 354 4014
516 375 2300
517 165 5443
518 251 8043
519 387 1407
520 110 7298
521 226 1522
522 265 2717
523 153 5557
524 197 8622
525 15 2324
526 508 1804
527 183 6091
528 293 7509
529 131 599
530 405 8702
531 94 4055
532 195 4244
533 457 76
534 313 371
535 24 1820
536 178 9025
537 29 4995
538 349 7912
539 349 4140
540 139 1204
541 209 5595
542 512 6231
543 540 4791
544 527 8957
545 92 498
546 256 7115
547 50 2556
548 297 8488
549 217 18
550 496 6583
551 311 3816
552 231 2472
553 471 9540
554 438 7512
555 365 9514
556 127 6482
557 531 8440
558 33 9148
559 404 453
560 27 5970
561 539 220
562 525 7699
563 342 8464
564 255 4827
565 176 4545
566 364 9491
567 327 3087
568 255 2151
569 435 5912
570 444 6344
571 131 8229
572 467 5795
573 519 5662
574 190 1086
575 524 8093
576 536 9925
577 74 2661
578 14 7133
579 46 8926
580 31 7641
581 394 4748
582 247 6177
583 522 5393
584 371 62
585 229 1674
586 469 4573
587 69 3548
588 139 4712
589 294 2169
590 3 9662
591 138 9092
592 499 2707
593 512 4101
594 29 7066
595 33 5894
596 263 1044
597 182 928
598 450 6544
599 375 5575
600 31 2573
601 571 4225
602 232 4551
603 95 9294
604 353 2717
605 24 2476
606 343 6680
607 575 3514
608 521 2480
609 264 9975
610 389 8779
611 368 3920
612 301 836
613 169 6949
614 137 6171
615 550 5985
616 26 801
617 560 9378
618 317 566
619 352 6211
620 91 4603
621 427 3331
622 457 1844
623 93 3424
624 27 5494
625 575 6769
626 549 9596
627 616 1280
628 158 2614
629 230 3991
630 68 9102
631 237 1905
632 352 7800
633 412 7149
634 294 6252
635 130 8474
636 546 6051
637 35 6218
638 541 9457
639 330 2471
640 130 1725
641 418 7399
642 92 9274
643 144 8406
644 205 6956
645 69 8697
646 515 4577
647 366 1530
648 438 5797
649 271 72
650 422 3793
651 405 8300
652 380 4663
653 22 9442
654 433 5745
655 375 2674
656 205 9501
657 632 246
658 289 4735
659 495 9923
660 174 6398
661 39 2895
662 42 9414
663 358 3642
664 309 5501
665 159 4123
666 246 330
667 296 4878
668 504 2264
669 407 4492
670 282 7683
671 638 6828
672 42 2431
673 240 99
674 64 6248
675 656 897
676 578 2756
677 484 6514
678 213 6385
679 473 8864
680 457 2789
681 177 4505
682 208 6657
683 69 9187
684 397 709
685 324 5009
686 252 1059
687 211 9443
688 212 3295
689 539 1092
690 632 9750
691 341 1453
692 505 1637
693 139 6014
694 253 8697
695 111 1016
696 61 5395
697 185 7077
698 110 7991
699 64 2747
700 153 6463
701 202 2491
702 72 5761
703 273 1795
704 655 7734
705 347 8755
706 174 6702
707 266 9741
708 162 1135
709 564 7964
710 632 2644
711 138 1275
712 32 9287
713 410 9457
714 25 4091
715 214 5010
716 367 2993
717 226 7351
718 640 5685
719 378 7313
720 180 9243
721 72 9653
722 443 100
723 196 2943
724 13 6295
725 9 7813
726 422 54
727 498 9854
728 36 769
729 6 5128
730 156 7131
731 503 6020
732 73 364
733 707 4961
734 140 4940
735 612 7628
736 69 4276
737 536 7791
738 316 3164
739 228 2212
740 356 2514
741 197 8079
742 569 6118
743 106 4940
744 262 7808
745 81 7277
746 347 7971
747 218 2761
748 411 7336
749 696 9077
750 121 4821
751 138 3357
752 158 4836
753 647 7923
754 109 4679
755 300 6674
756 702 1264
757 504 7303
758 268 8883
759 394 241
760 679 6285
761 644 441
762 7 294
763 559 9285
764 302 7177
765 633 8304
766 757 7954
767 582 290
768 461 7162
769 436 953
770 214 6419
771 450 9210
772 502 3160
773 501 3734
774 429 9752
775 445 1855
776 450 618
777 497 6771
778 698 2063
779 767 1742
780 645 6935
781 594 7367
782 633 3108
783 467 4015
784 576 6162
785 46 7558
786 396 1093
787 169 8134
788 8 578
789 494 7866
790 109 9124
791 216 8415
792 405 6607
793 147 5356
794 6 8963
795 592 5766
796 679 6160
797 113 4994
798 226 1840
799 438 6696
800 447 3379
801 263 3823
802 275 9623
803 165 6361
804 511 9870
805 665 4925
806 480 6490
807 617 8826
808 442 8369
809 470 9360
810 190 4218
811 367 2642
812 45 5761
813 252 2834
814 420 2415
815 667 9008
816 10 7072
817 697 9211
818 7 6651
819 283 9898
820 800 6062
821 404 7869
822 341 5021
823 811 7485
824 288 358
825 742 6037
826 456 9331
827 443 7567
828 289 745
829 89 1908
830 488 2277
831 798 6335
832 96 2278
833 73 7980
834 246 1532
835 472 9276
836 487 8530
837 2 3451
838 594 2286
839 557 3795
840 555 2731
841 146 7815
842 167 6976
843 260 3777
844 187 1064
845 20 7827
846 444 9568
847 1 4187
848 532 3759
849 797 3324
850 419 1231
851 778 6980
852 580 2502
853 681 3492
854 88 1767
855 842 3509
856 685 8765
857 362 9412
858 121 1509
859 762 9860
860 239 7075
861 140 3753
862 434 3896
863 183 4965
864 470 8513
865 816 9544
866 179 1307
867 842 2703
868 609 3121
869 696 4612
870 12 13
871 813 655
872 174 5312
873 646 9958
874 318 1360
875 617 1966
876 530 2207
877 256 7983
878 672 7495
879 96 9108
880 153 3783
881 46 3534
882 572 4285
883 284 6453
884 398 4271
885 404 5228
886 690 8787
887 489 2067
888 511 9388
889 229 5897
890 715 6309
891 848 5676
892 631 8884
893 844 6753
894 779 753
895 244 8787
896 143 7190
897 779 5460
898 99 6943
899 173 9760
900 645 5055
901 550 6287
902 95 2830
903 583 9162
904 620 6383
905 195 8440
906 592 1298
907 606 1638
908 482 3559
909 418 7642
910 719 1309
911 907 7725
912 640 8237
913 92 4039
914 583 7759
915 497 2712
916 649 6890
917 260 6896
918 276 1282
919 496 2202
920 156 9541
921 78 7470
922 293 868
923 718 8063
924 334 8403
925 92 6641
926 561 7289
927 34 4876
928 67 8100
929 483 1827
930 304 8761
931 398 7015
932 339 8590
933 129 7558
934 461 8701
935 51 3557
936 408 1722
937 784 2288
938 487 6054
939 842 5301
940 22 8164
941 653 8421
942 712 4496
943 150 2379
944 190 9617
945 467 3436
946 465 1944
947 434 2937
948 115 2516
949 615 9099
950 915 6154
951 750 5773
952 157 8600
953 707 1461
954 429 5859
955 105 3567
956 519 7971
957 676 2702
958 7 6471
959 504 7266
960 783 5760
961 860 1741
962 836 2470
963 160 3423
964 832 263
965 895 7847
966 743 6010
967 551 5834
968 593 4901
969 145 39
970 284 7226
971 321 2626
972 876 559
973 188 3712
974 275 8696
975 683 8232
976 899 8266
977 179 6831
978 908 2513
979 115 6618
980 755 618
981 702 1982
982 946 5414
983 846 2548
984 624 6064
985 197 2481
986 622 3755
987 23 389
988 406 8988
989 88 3269
990 338 8680
991 69 6066
992 739 8354
993 78 2669
994 572 2263
995 953 49
996 634 28
997 289 4515
998 749 5845
999 136 3202
1000 405 3953
1001 765 9684
1002 771 1253
1003 80 2819
1004 101 4483
1005 279 1641
1006 8 9827
1007 961 3849
1008 689 7183
1009 32 3976
1010 869 9424
1011 665 8413
1012 846 4250
1013 7 2623
1014 976 8852
1015 524 317
1016 828 3516
1017 127 4882
1018 393 654
1019 954 7698
1020 366 3165
1021 707 3564
1022 277 1766
1023 298 7158
1024 94 2869
1025 539 3538
1026 930 2154
1027 658 7353
1028 768 3715
1029 370 3087
1030 357 6201
1031 726 4053
1032 1030 977
1033 953 8527
1034 413 4365
1035 677 5345
1036 299 4068
1037 653 6617
1038 37 3214
1039 889 6879
1040 780 7667
1041 173 2947
1042 16 1420
1043 541 196
1044 420 1698
1045 522 434
1046 517 3783
1047 533 3606
1048 737 5943
1049 340 8735
1050 48 6798
1051 983 5615
1052 16 3020
1053 50 7587
1054 105 688
1055 241 4670
1056 880 9329
1057 647 4299
1058 879 6159
1059 950 8273
1060 719 1731
1061 690 5535
1062 926 2930
1063 551 7058
1064 203 6779
1065 671 5835
1066 906 6693
1067 736 1251
1068 619 2039
1069 280 1287
1070 888 6281
1071 538 5382
1072 969 4086
1073 261 2030
1074 980 3363
1075 570 2544
1076 288 2872
1077 994 6810
1078 327 3206
1079 4 9973
1080 934 2904
1081 513 2397
1082 225 7886
1083 636 5237
1084 149 949
1085 990 795
1086 589 5859
1087 873 296
1088 443 354
1089 776 4444
1090 69 6828
1091 1057 7282
1092 931 8417
1093 325 5544
1094 744 5461
1095 737 2201
1096 734 7429
1097 98 4006
1098 648 3268
1099 985 9858
1100 380 7596
1101 178 3570
1102 464 2115
1103 172 7249
1104 307 4754
1105 84 8354
1106 939 5175
1107 669 4895
1108 264 8126
1109 1081 2585
1110 89 6887
1111 1059 6389
1112 818 30
1113 1078 6206
1114 1055 7915
1115 709 8457
1116 574 4616
1117 276 2475
1118 601 1764
1119 167 136
1120 156 2355
1121 62 5219
1122 292 8215
1123 1113 5698
1124 1006 5289
1125 582 8542
1126 785 5401
1127 775 5177
1128 846 8240
1129 131 4752
1130 1000 6114
1131 366 3006
1132 214 19
1133 544 9113
1134 306 8136
1135 1059 8663
1136 510 9691
1137 992 2247
1138 972 1069
1139 950 1059
1140 738 3177
1141 800 686
1142 830 1064
1143 666 4992
1144 780 4876
1145 540 2307
1146 679 7214
1147 414 8402
1148 1018 8449
1149 673 9326
1150 426 9874
1151 291 5153
1152 1054 5251
1153 511 7661
1154 714 5108
1155 1076 1507
1156 996 3467
1157 1034 6736
1158 448 7269
1159 333 1731
1160 1046 4229
1161 913 2272
1162 151 461
1163 595 4555
1164 513 4933
1165 649 5256
1166 1114 171
1167 194 1873
1168 285 1619
1169 732 4631
1170 710 2641
1171 139 7617
1172 845 7553
1173 266 308
1174 1142 5322
1175 487 3767
1176 212 6646
1177 474 2919
1178 417 6855
1179 241 5291
1180 245 1765
1181 369 1729
1182 716 1761
1183 49 7886
1184 419 1294
1185 878 7027
1186 49 6252
1187 885 2407
1188 286 7591
1189 134 1352
1190 499 3615
1191 1064 4559
1192 1135 8882
1193 94 4971
1194 1172 9042
1195 985 1218
1196 334 32
1197 588 7997
1198 667 7683
1199 1082 1282
1200 876 4826
1201 520 3955
1202 492 3973
1203 600 5899
1204 202 9796
1205 1150 4304
1206 576 146
1207 235 2995
1208 1192 1467
1209 1059 1793
1210 850 158
1211 376 436
1212 603 3086
1213 1169 3379
1214 759 1629
1215 318 5438
1216 851 6773
1217 43 4063
1218 1203 8456
1219 428 683
1220 1072 1531
1221 700 8263
1222 463 5248
1223 129 2191
1224 314 9330
1225 932 1972
1226 331 5417
1227 489 7233
1228 560 4585
1229 686 1726
1230 15 2640
1231 790 359
1232 1176 6189
1233 537 227
1234 20 2195
1235 187 3866
1236 1177 4955
1237 1017 4024
1238 841 6115
1239 890 5427
1240 698 3254
1241 422 4303
1242 44 8539
1243 596 5793
1244 567 2349
1245 163 7934
1246 216 320
1247 1144 3937
1248 37 4496
1249 947 1958
1250 595 2314
1251 606 7169
1252 779 9693
1253 889 5964
1254 967 5799
1255 913 2502
1256 60 1678
1257 248 5005
1258 910 9722
1259 1117 3849
1260 881 1274
1261 1157 9440
1262 1193 747
1263 1151 4693
1264 122 2519
1265 303 3393
1266 1217 9376
1267 1226 444
1268 261 1413
1269 1217 2338
1270 59 9140
1271 103 1894
1272 77 2998
1273 147 1884
1274 545 2853
1275 1162 5055
1276 516 3782
1277 364 6675
1278 92 9190
1279 333 2696
1280 1134 6742
1281 1146 5571
1282 275 9872
1283 1262 1171
1284 684 8825
1285 1048 2113
1286 877 6625
1287 423 157
1288 465 2800
1289 173 3019
1290 610 1150
1291 83 1136
1292 86 5822
1293 1125 6977
1294 100 4304
1295 214 7806
1296 694 8835
1297 1093 1610
1298 40 5902
1299 203 8818
1300 378 8360
1301 1089 6689
1302 576 3014
1303 1209 8961
1304 1258 908
1305 405 4942
1306 89 5482
1307 910 4350
1308 374 255
1309 634 526
1310 1102 4413
1311 1257 5530
1312 762 7623
1313 902 3433
1314 269 9551
1315 184 4453
1316 1241 1499
1317 302 3306
1318 125 5594
1319 517 5213
1320 1061 1801
1321 1213 3146
1322 1031 5144
1323 332 8302
1324 691 7798
1325 1079 8545
1326 31 8481
1327 703 5334
1328 1167 4044
1329 29 4544
1330 558 8457
1331 540 4041
1332 719 8500
1333 1082 4775
1334 1287 3735
1335 420 5364
1336 681 3026
1337 61 9922
1338 759 4726
1339 89 4465
1340 640 2690
1341 788 7277
1342 1175 4865
1343 835 4964
1344 87 5544
1345 252 8006
1346 647 2360
1347 580 4953
1348 715 8367
1349 1069 1596
1350 940 3446
1351 812 440
1352 204 7827
1353 1280 6123
1354 407 5222
1355 229 2173
1356 1144 5790
1357 549 4830
1358 404 1721
1359 179 9601
1360 1262 6402
1361 384 3296
1362 226 2495
1363 871 5335
1364 923 9748
1365 587 9832
1366 777 6307
1367 1051 6024
1368 618 3331
1369 833 7255
1370 734 5656
1371 700 5707
1372 377 3268
1373 370 9655
1374 179 105
1375 278 516
1376 122 1423
1377 708 6283
1378 516 560
1379 1080 3622
1380 861 5064
1381 667 9329
1382 361 8698
1383 349 5982
1384 963 4677
1385 848 9014
1386 756 8919
1387 452 899
1388 243 2925
1389 35 8434
1390 1202 3058
1391 1069 4796
1392 917 3420
1393 1224 2562
1394 970 461
1395 1104 4517
1396 1084 9066
1397 674 7488
1398 1203 6948
1399 500 1141
1400 505 2382
1401 1011 5895
1402 921 1127
1403 31 6061
1404 571 8514
1405 1371 9148
1406 185 9275
1407 25 306
1408 430 8496
1409 158 2989
1410 964 9197
1411 479 720
1412 460 1686
1413 1337 2884
1414 299 7967
1415 768 6588
1416 693 9482
1417 752 7170
1418 1396 651
1419 1400 7019
1420 953 875
1421 1143 8148
1422 1110 1086
1423 1147 2083
1424 574 9916
1425 1043 4286
1426 873 3396
1427 178 6478
1428 347 564
1429 647 1244
1430 120 3645
1431 315 1421
1432 717 2926
1433 129 6568
1434 246 9298
1435 271 762
1436 908 944
1437 943 6083
1438 529 7178
1439 619 338
1440 297 7273
1441 1268 8792
1442 196 3506
1443 1387 9208
1444 1264 1645
1445 893 4204
1446 1164 8184
1447 416 7921
1448 685 5077
1449 316 1455
1450 215 7147
1451 133 2181
1452 7 3515
1453 375 1689
1454 350 6354
1455 376 8589
1456 240 2662
1457 1211 9580
1458 521 8715
1459 1121 1686
1460 1438 6814
1461 532 7757
1462 1087 754
1463 74 7930
1464 478 5179
1465 1386 3675
1466 231 674
1467 1432 6557
1468 740 5332
1469 59 4921
1470 559 2012
1471 833 9645
1472 876 3748
1473 412 9032
1474 1070 3655
1475 988 4462
1476 228 3256
1477 924 1722
1478 1355 2895
1479 1292 8048
1480 325 2017
1481 852 2718
1482 282 8079
1483 1108 8953
1484 1269 9734
1485 699 6485
1486 882 8855
1487 939 5670
1488 137 6285
1489 411 6549
1490 675 2872
1491 1097 1282
1492 387 8229
1493 510 2622
1494 841 7749
1495 418 2003
1496 1223 7885
1497 867 1123
1498 1173 8891
1499 301 3450
1500 814 6156
1501 925 3703
1502 577 8563
1503 635 8385
1504 1396 4554
1505 712 6158
1506 859 7810
1507 561 3671
1508 1140 7722
1509 1465 814
1510 929 3887
1511 1482 6389
1512 185 1418
1513 207 7221
1514 1303 7972
1515 179 2984
1516 545 4886
1517 88 4235
1518 221 8473
1519 964 9330
1520 1349 2003
1521 573 2561
1522 791 7006
1523 1048 164
1524 874 6182
1525 284 8871
1526 294 7600
1527 311 5617
1528 914 2748
1529 597 7677
1530 72 6971
1531 980 99
1532 1456 7957
1533 337 503
1534 1306 6124
1535 1505 5345
1536 29 9645
1537 288 117
1538 513 2646
1539 7 7898
1540 1084 8600
1541 1530 7160
1542 1492 6869
1543 1071 7272
1544 233 868
1545 1012 5492
1546 1525 1818
1547 605 1869
1548 635 7941
1549 588 1468
1550 1197 9068
1551 1255 5087
1552 1027 2326
1553 41 2483
1554 1058 4514
1555 1098 9005
1556 164 5473
1557 322 2506
1558 1203 52
1559 565 4205
1560 1276 8101
1561 1463 6609
1562 455 1814
1563 560 5706
1564 415 989
1565 1130 2131
1566 783 6276
1567 536 323
1568 1526 4955
1569 706 8639
1570 250 9198
1571 1048 7687
1572 117 7190
1573 683 1413
1574 408 4043
1575 72 9356
1576 241 6621
1577 607 9258
1578 725 5480
1579 397 2289
1580 634 3700
1581 145 1063
1582 186 5633
1583 1532 165
1584 415 7646
1585 989 6138
1586 659 8466
1587 1332 7403
1588 1378 5805
1589 594 8909
1590 1250 9985
1591 285 5888
1592 1566 177
1593 1550 5104
1594 407 2831
1595 504 6675
1596 174 3713
1597 469 9085
1598 1159 9040
1599 179 6589
1600 675 5485
1601 1455 8257
1602 1562 653
1603 496 4627
1604 1057 3602
1605 1073 2844
1606 25 8337
1607 390 6186
1608 101 1091
1609 646 4321
1610 452 7488
1611 1498 8500
1612 333 4905
1613 59 5563
1614 880 2672
1615 822 6231
1616 883 6123
1617 909 7355
1618 688 6878
1619 135 789
1620 722 5228
1621 1091 8859
1622 827 5352
1623 376 9138
1624 25 4180
1625 1192 4292
1626 240 5086
1627 719 8788
1628 1074 4779
1629 688 2710
1630 207 3742
1631 1303 1423
1632 944 7304
1633 1286 4179
1634 463 6187
1635 34 9591
1636 1614 6445
1637 511 6611
1638 448 9877
1639 872 1481
1640 308 9226
1641 1070 1580
1642 54 475
1643 1445 2345
1644 426 3386
1645 1571 5520
1646 53 3816
1647 217 8963
1648 747 4381
1649 69 7458
1650 1105 5445
1651 580 6472
1652 46 7718
1653 1051 7560
1654 1556 302
1655 82 2598
1656 35 7511
1657 352 6897
1658 525 4669
1659 1526 8171
1660 667 7523
1661 1258 9777
1662 51 3045
1663 879 6736
1664 916 9867
1665 537 6022
1666 1356 8718
1667 1464 9440
1668 1634 5501
1669 1339 8090
1670 819 5894
1671 1087 4126
1672 69 1444
1673 221 4897
1674 511 1759
1675 46 9554
1676 2 7196
1677 1026 1974
1678 756 4344
1679 1130 8974
1680 254 9046
1681 768 3727
1682 1213 4927
1683 1628 2751
1684 757 6229
1685 925 3493
1686 368 4880
1687 807 3530
1688 665 8833
1689 408 3259
1690 1264 5928
1691 1045 5054
1692 752 236
1693 235 8806
1694 956 7515
1695 1385 3167
1696 287 9961
1697 1006 410
1698 1086 1790
1699 981 9987
1700 655 1662
1701 1546 33
1702 1541 7126
1703 1127 8766
1704 910 6916
1705 777 8965
1706 664 5209
1707 1476 2289
1708 547 7248
1709 97 4765
1710 12 5517
1711 154 9711
1712 752 8060
1713 1652 1704
1714 137 5758
1715 884 3924
1716 1276 8485
1717 1103 457
1718 1484 7927
1719 1308 2155
1720 1248 4419
1721 1070 6435
1722 203 4027
1723 698 3365
1724 977 8762
1725 761 5684
1726 1656 8631
1727 1482 78
1728 1635 5476
1729 1314 8401
1730 1301 5876
1731 777 4328
1732 768 8306
1733 388 802
1734 1147 7476
1735 1274 8011
1736 713 1192
1737 853 5381
1738 1550 6710
1739 399 6656
1740 1534 2792
1741 1039 2418
1742 689 7269
1743 635 2652
1744 303 1407
1745 211 7868
1746 909 5090
1747 1009 3078
1748 1489 8350
1749 541 8214
1750 341 7086
1751 656 1863
1752 175 3906
1753 281 2096
1754 345 8524
1755 1318 6882
1756 380 1754
1757 1023 4031
1758 372 6315
1759 414 4959
1760 571 5922
1761 1741 6802
1762 294 9100
1763 340 6001
1764 1164 4798
1765 626 7945
1766 472 8048
1767 671 4867
1768 1477 9786
1769 721 7198
1770 1293 3139
1771 1582 7267
1772 333 8623
1773 553 7249
1774 1048 1845
1775 564 2469
1776 1686 4829
1777 79 4487
1778 530 2313
1779 1077 9687
1780 357 9113
1781 979 7346
1782 1685 1631
1783 384 8512
1784 786 8169
1785 257 6016
1786 850 9916
1787 809 4829
1788 643 9417
1789 856 582
1790 736 4973
1791 753 8986
1792 831 3237
1793 904 2449
1794 393 983
1795 1408 5173
1796 1656 4457
1797 1154 4404
1798 518 7598
1799 1592 7595
1800 791 5410
1801 601 5572
1802 1223 5566
1803 307 5336
1804 1372 8523
1805 568 8099
1806 1249 3096
1807 417 8282
1808 1287 8833
1809 1499 6379
1810 202 518
1811 1542 6186
1812 1044 3018
1813 335 3910
1814 808 1665
1815 1731 2977
1816 1688 3399
1817 453 2664
1818 893 177
1819 364 4727
1820 1495 6753
1821 1009 8992
1822 1691 6452
1823 912 5953
1824 1497 8320
1825 1005 3443
1826 1095 4766
1827 655 3212
1828 1024 1936
1829 1288 8369
1830 343 6369
1831 1698 7733
1832 624 1832
1833 185 429
1834 1323 6332
1835 657 9252
1836 238 1006
1837 1387 199
1838 52 8326
1839 341 2055
1840 755 9432
1841 193 9991
1842 161 6491
1843 1375 6903
1844 281 303
1845 1519 4063
1846 361 7390
1847 1664 9205
1848 1793 6718
1849 810 6144
1850 491 9336
1851 102 1484
1852 1133 5048
1853 158 7071
1854 1103 9733
1855 700 2399
1856 1779 7801
1857 1399 1325
1858 1351 1213
1859 1431 6826
1860 1122 720
1861 1315 3621
1862 1636 9861
1863 1751 9971
1864 1370 7301
1865 785 1522
1866 670 8840
1867 455 4805
1868 88 1439
1869 1333 1116
1870 1697 9720
1871 498 2041
1872 833 6200
1873 479 5727
1874 233 1568
1875 500 6049
1876 1743 6628
1877 820 3028
1878 1544 5015
1879 1054 8689
1880 1736 7100
1881 800 4882
1882 1578 1333
1883 1503 2441
1884 1066 6341
1885 223 9258
1886 1509 694
1887 1604 1191
1888 644 764
1889 876 8552
1890 718 8942
1891 994 8065
1892 601 3334
1893 1768 1142
1894 1843 9679
1895 591 7138
1896 1662 8642
1897 1601 1692
1898 291 373
1899 244 1160
1900 719 4338
1901 869 4088
1902 955 8089
1903 962 5075
1904 1594 7479
1905 847 5353
1906 541 970
1907 55 4085
1908 1089 4078
1909 1795 8864
1910 1306 2841
1911 1620 3062
1912 1832 7927
1913 1674 6018
1914 1533 6551
1915 1044 8667
1916 808 2479
1917 1752 6173
1918 779 1365
1919 223 7583
1920 1878 8458
1921 1330 6730
1922 1630 2820
1923 1842 2796
1924 1625 249
1925 400 3529
1926 1230 5228
1927 133 8758
1928 1193 4209
1929 1836 8300
1930 1579 8483
1931 967 507
1932 858 4592
1933 390 4950
1934 1171 4398
1935 1605 3822
1936 1315 1203
1937 144 7
1938 1438 1720
1939 1374 4653
1940 1449 7469
1941 762 8265
1942 1701 5773
1943 1836 1037
1944 655 4123
1945 897 8571
1946 652 2079
1947 1673 197
1948 489 8185
1949 1393 5289
1950 1142 3448
1951 198 6111
1952 1848 6788
1953 642 6743
1954 177 8686
1955 1947 893
1956 1075 2877
1957 306 5749
1958 493 2360
1959 1860 5356
1960 1617 2252
1961 679 1832
1962 1024 5510
1963 501 6286
1964 992 2580
1965 1956 3070
1966 1914 6409
1967 1582 1025
1968 584 7899
1969 483 9838
1970 1885 4597
1971 233 873
1972 71 3088
1973 1689 3585
1974 1785 891
1975 687 71
1976 530 809
1977 1245 8133
1978 444 4234
1979 1209 9205
1980 1435 2027
1981 1625 1103
1982 1214 2097
1983 877 1693
1984 640 4750
1985 627 3995
1986 268 1317
1987 590 2504
1988 578 9955
1989 57 8512
1990 322 9061
1991 1405 1907
1992 1458 1203
1993 1768 1622
1994 233 8431
1995 313 3087
1996 1497 3056
1997 526 1055
1998 1734 169
1999 407 9833
2000 1879 9522
2001 1727 3129
2002 587 480
2003 955 8371
2004 1891 5395
2005 393 6192
2006 851 1479
2007 1382 9490
2008 1555 1552
2009 206 9754
2010 1846 2439
2011 1085 514
2012 1478 6599
2013 1298 1320
2014 729 4874
2015 1583 1138
2016 1922 7406
2017 880 5775
2018 1044 614
2019 1592 1925
2020 1099 773
2021 1170 7559
2022 1306 2638
2023 1763 7016
2024 1905 4935
2025 1034 788
2026 1713 6530
2027 1121 5060
2028 375 1764
2029 426 4502
2030 1923 2138
2031 1291 5088
2032 63 2728
2033 471 2169
2034 57 5203
2035 777 5467
2036 1982 2879
2037 1899 3921
2038 1645 4119
2039 1190 4153
2040 973 3292
2041 645 8802
2042 2029 8528
2043 1442 842
2044 1533 1235
2045 1205 7011
2046 150 7781
2047 178 5420
2048 525 9303
2049 161 4101
2050 1462 5924
2051 358 6580
2052 242 1693
2053 1106 3659
2054 483 683
2055 2032 5528
2056 711 6156
2057 1831 8939
2058 533 439
2059 1681 419
2060 1675 1829
2061 109 5930
2062 585 1070
2063 1306 5265
2064 736 9108
2065 151 6279
2066 1079 2288
2067 413 7916
2068 859 558
2069 200 5781
2070 563 6347
2071 1355 242
2072 1212 2050
2073 1838 7641
2074 159 3281
2075 1518 7188
2076 452 7417
2077 1176 1692
2078 961 5824
2079 2017 9193
2080 1193 8854
2081 2040 946
2082 904 6006
2083 1435 1716
1 1826 572
2 1451 349
3 1996 149
4 1565 205
5 657 93
6 244 187
7 1378 336
8 1574 994
9 1552 383
10 1209 447
11 1640 808
12 316 569
13 828 143
14 1785 148
15 916 121
16 1047 697
17 1252 985
18 1232 702
19 365 291
20 86 265
21 681 68
22 865 76
23 212 831
24 1475 401
25 1130 320
26 342 9
27 342 471
28 848 489
29 1855 691
30 883 762
31 1728 987
32 1623 690
33 413 435
34 476 80
35 682 693
36 1645 877
37 1013 108
38 25 688
39 299 638
40 405 893
41 270 720
42 309 859
43 1492 361
44 1740 745
45 541 109
46 1468 491
47 754 968
48 749 915
49 1623 14
50 1811 756
51 156 181
52 1084 717
53 608 463
54 1720 377
55 1064 77
56 491 245
57 1179 325
58 1438 883
59 2050 748
60 1997 998
61 373 991
62 2047 266
63 1272 91
64 1634 718
65 1212 416
66 629 276
67 775 203
68 1351 705
69 964 249
70 1107 121
71 1703 535
72 426 193
73 1378 559
74 1525 869
75 1301 644
76 802 204
77 291 61
78 102 150
79 1542 655
80 1167 825
81 1178 249
82 1062 277
83 777 774
84 586 18
85 1243 324
86 452 361
87 1574 341
88 1812 10
89 1637 140
90 1156 507
91 1570 518
92 1871 791
93 358 422
94 730 871
95 82 937
96 561 588
97 1024 855
98 568 619
99 1161 820
100 1419 639
101 501 196
102 849 120
103 1915 337
104 1607 988
105 403 871
106 252 624
107 1272 526
108 1426 539
109 1073 408
110 836 619
111 331 256
112 934 148
113 1220 303
114 677 115
115 1496 544
116 1671 455
117 1315 406
118 1876 63
119 1834 102
120 1178 962
121 1085 148
122 1658 478
123 1879 364
124 1585 137
125 1405 524
126 147 978
127 1457 184
128 249 692
129 1385 769
130 445 765
131 1368 582
132 1529 546
133 328 601
134 1704 911
135 460 254
136 1906 358
137 34 127
138 337 337
139 955 433
140 916 266
141 221 4
142 1726 33
143 423 47
144 607 706
145 1753 212
146 928 860
147 263 762
148 207 94
149 48 713
150 348 545
151 2052 718
152 612 5
153 630 816
154 788 655
155 1943 949
156 729 830
157 1605 920
158 1598 372
159 1463 771
160 995 43
161 1680 925
162 852 814
163 1758 612
164 1540 957
165 164 346
166 1779 579
167 667 142
168 1360 850
169 692 33
170 782 752
171 327 446
172 521 445
173 226 890
174 1183 443
175 89 275
176 921 203
177 186 268
178 1207 557
179 542 838
180 1823 63
181 733 437
182 714 197
183 1512 433
184 1674 455
185 174 571
186 692 728
187 1540 520
188 547 559
189 1889 529
190 9 528
191 1624 47
192 224 300
193 1636 288
194 1370 179
195 63 778
196 1923 275
197 871 377
198 142 267
199 1851 391
200 1933 649
201 1718 930
202 333 839
203 217 28
204 1499 509
205 938 944
206 1445 630
207 1351 855
208 1612 164
209 63 34
210 53 473
211 280 655
212 148 215
213 943 559
214 1382 67
215 658 170
216 794 853
217 1451 737
218 1821 472
219 1977 359
220 225 111
221 233 53
222 314 475
223 1510 715
224 165 709
225 1584 514
226 1753 62
227 352 545
228 1093 851
229 1054 27
230 97 15
231 1486 217
232 475 312
233 1131 885
234 197 681
235 996 445
236 675 540
237 952 505
238 1623 149
239 1773 401
240 1776 514
241 866 214
242 30 457
243 652 669
244 335 284
245 1728 941
246 518 372
247 1504 796
248 633 811
249 463 969
250 1894 882
251 739 269
252 673 706
253 1506 381
254 858 150
255 463 486
256 1184 145
257 1270 559
258 692 803
259 531 702
260 1721 618
261 2033 716
262 1090 944
263 704 954
264 1040 606
265 1862 674
266 1622 273
267 2034 412
268 400 642
269 1723 542
270 371 136
271 1737 205
272 715 106
273 47 763
274 891 393
275 1655 664
276 1139 999
277 558 545
278 1251 18
279 865 614
280 1037 856
281 1657 799
282 1620 473
283 2011 341
284 1889 917
285 1204 38
286 90 726
287 1380 269
288 1983 221
289 484 467
290 1427 429
291 604 264
292 951 242
293 344 728
294 501 679
295 24 125
296 673 313
297 791 523
298 1659 851
299 866 990
300 1990 284
301 262 121
302 984 359
303 872 12
304 429 778
305 566 383
306 638 181
307 825 465
308 1884 312
309 1883 59
310 1687 797
311 667 24
312 1903 816
313 898 254
314 529 655
315 19 19
316 1662 198
317 1673 252
318 12 112
319 930 39
320 36 214
321 1362 275
322 1946 106
323 1913 517
324 1262 214
325 691 936
326 808 52
327 341 202
328 665 419
329 812 503
330 19 406
331 258 758
332 288 306
333 754 689
334 688 959
335 2074 265
336 1570 53
337 1523 576
338 1628 740
339 852 400
340 928 785
341 1334 182
342 277 708
343 1815 172
344 1854 72
345 130 44
346 1784 467
347 424 575
348 72 566
349 698 628
350 1038 417
351 1985 953
352 1044 220
353 1317 120
354 790 688
355 1904 560
356 809 164
357 987 54
358 712 149
359 118 121
360 1741 849
361 1042 723
362 2069 39
363 1087 203
364 222 598
365 651 915
366 63 374
367 1231 110
368 1597 794
369 1823 427
370 295 625
371 143 130
372 1077 887
373 431 251
374 1471 239
375 759 309
376 608 798
377 2060 96
378 1310 276
379 992 44
380 1960 499
381 1588 223
382 137 2
383 143 197
384 1512 74
385 559 962
386 932 699
387 1828 214
388 829 363
389 8 160
390 1566 713
391 114 429
392 310 500
393 734 649
394 842 301
395 1698 650
396 1104 218
397 1537 53
398 306 743
399 1099 905
400 1499 210
401 1018 130
402 789 783
403 1543 308
404 1568 698
405 1046 992
406 1703 950
407 1610 99
408 105 830
409 394 826
410 163 334
411 6 291
412 1660 740
413 1512 433
414 473 277
415 983 859
416 1997 26
417 469 923
418 80 131
419 1902 715
420 672 466
421 1891 528
422 1737 482
423 172 162
424 70 174
425 519 9
426 1046 195
427 1877 770
428 1670 577
429 1926 363
430 450 576
431 2082 569
432 108 334
433 1440 115
434 443 456
435 1675 398
436 64 460
437 1936 504
438 1188 156
439 1906 343
440 1416 158
441 1596 382
442 1849 661
443 377 684
444 368 78
445 1693 43
446 1112 513
447 1851 941
448 843 866
449 1920 515
450 1421 393
451 594 877
452 272 263
453 1285 321
454 1034 396
455 1335 561
456 1365 82
457 87 694
458 1869 894
459 316 840
460 1538 89
461 221 681
462 766 497
463 1168 267
464 847 9
465 878 414
466 1461 593
467 83 246
468 1027 975
469 619 248
470 1543 620
471 1436 345
472 1358 154
473 376 276
474 1418 341
475 1731 221
476 1942 439
477 864 825
478 188 793
479 1444 647
480 1445 48
481 467 59
482 41 970
483 917 362
484 768 624
485 1709 228
486 216 108
487 2016 552
488 1899 64
489 753 835
490 1401 209
491 381 445
492 1226 387
493 2054 369
494 595 116
495 1009 814
496 144 795
497 1920 856
498 543 663
499 98 444
500 2031 595
501 356 241
502 1149 359
503 494 867
504 1777 926
505 590 469
506 412 879
507 212 247
508 1072 691
509 967 987
510 2056 552
511 1443 835
512 1878 179
513 716 944
514 343 302
515 129 412
516 1896 388
517 1165 161
518 1057 339
519 29 433
520 1618 658
521 549 911
522 1450 117
523 1445 225
524 1119 112
525 1992 3
526 619 611
527 845 959
528 1302 20
529 272 140
530 1341 654
531 1137 514
532 1908 275
533 649 444
534 1937 860
535 1107 151
536 1827 733
537 18 328
538 1209 787
539 416 814
540 1848 261
541 1010 190
542 2061 140
543 874 102
544 1737 148
545 292 684
546 1545 929
547 815 402
548 995 332
549 719 367
550 1688 35
551 2033 647
552 801 985
553 307 743
554 319 846
555 153 212
556 1759 329
557 1766 529
558 804 491
559 1699 741
560 571 306
561 639 613
562 2074 369
563 980 574
564 962 744
565 592 697
566 1996 236
567 1194 396
568 535 958
569 763 896
570 1895 457
571 921 771
572 835 551
573 489 271
574 740 923
575 151 711
576 740 706
577 1954 690
578 952 191
579 227 176
580 925 939
581 800 338
582 782 68
583 1444 905
584 853 148
585 1900 879
586 459 193
587 1175 271
588 1355 593
589 1793 477
590 1652 983
591 1957 191
592 1822 779
593 1915 546
594 1286 495
595 440 544
596 1120 17
597 1181 465
598 1615 503
599 675 802
600 1483 656
601 1784 530
602 331 102
603 1852 40
604 1079 365
605 1103 788
606 2014 412
607 176 472
608 332 950
609 578 595
610 799 579
611 1490 490
612 492 731
613 1818 101
614 342 477
615 1922 509
616 1910 712
617 89 138
618 900 996
619 76 966
620 332 855
621 750 183
622 736 277
623 749 838
624 1659 91
625 1238 729
626 301 586
627 1199 819
628 145 960
629 723 196
630 1039 451
631 1767 705
632 193 43
633 444 379
634 209 231
635 785 651
636 494 783
637 1380 12
638 359 219
639 508 504
640 814 596
641 372 61
642 24 299
643 1585 159
644 683 865
645 2009 132
646 1546 86
647 1627 628
648 92 635
649 521 857
650 1426 34
651 964 435
652 1120 12
653 665 424
654 1460 146
655 1894 285
656 827 294
657 1484 547
658 1958 9
659 431 470
660 1833 529
661 1146 34
662 648 744
663 648 513
664 320 165
665 1765 29
666 1633 369
667 38 168
668 718 913
669 1612 227
670 1448 218
671 1754 637
672 1147 372
673 1336 764
674 297 746
675 599 445
676 2005 750
677 1035 889
678 463 875
679 1783 409
680 680 931
681 574 18
682 1314 787
683 1212 996
684 899 788
685 1763 368
686 234 939
687 1028 371
688 1610 42
689 590 117
690 1796 278
691 1890 464
692 1309 213
693 79 51
694 952 346
695 717 280
696 1911 279
697 404 982
698 1068 136
699 1178 505
700 500 303
701 259 232
702 106 757
703 1825 425
704 1349 868
705 258 657
706 1769 161
707 904 698
708 1753 705
709 480 862
710 76 74
711 525 377
712 1013 227
713 305 376
714 1846 584
715 1321 44
716 1543 673
717 102 36
718 1473 901
719 1779 833
720 1264 725
721 564 698
722 1785 238
723 677 262
724 202 833
725 129 714
726 1942 978
727 270 326
728 1731 973
729 1342 955
730 1245 865
731 339 993
732 1250 563
733 160 347
734 1633 977
735 1546 594
736 1398 553
737 1517 462
738 1454 958
739 646 592
740 657 767
741 1504 984
742 633 686
743 24 75
744 1974 472
745 346 845
746 228 589
747 1101 208
748 2023 911
749 1901 31
750 2031 625
751 1309 720
752 730 152
753 802 637
754 424 42
755 92 674
756 971 635
757 793 293
758 370 361
759 463 83
760 1589 740
761 1196 677
762 952 562
763 95 868
764 1713 796
765 989 995
766 10 859
767 1529 711
768 280 26
769 1072 517
770 1599 17
771 1792 24
772 1504 342
773 1737 646
774 1640 835
775 504 146
776 1837 725
777 378 769
778 822 309
779 779 646
780 878 31
781 1800 20
782 38 156
783 974 971
784 925 607
785 1619 284
786 601 875
787 1542 165
788 1555 1000
789 61 674
790 2002 67
791 2011 579
792 924 644
793 948 847
794 536 89
795 272 698
796 450 311
797 566 742
798 1197 430
799 954 278
800 1003 686
801 407 368
802 391 382
803 1993 273
804 1196 856
805 68 476
806 1098 84
807 1402 442
808 1553 450
809 665 229
810 228 907
811 1944 762
812 1964 281
813 216 784
814 771 841
815 970 63
816 1430 185
817 692 635
818 1483 941
819 1307 939
820 620 839
821 2062 313
822 1521 57
823 1811 265
824 419 190
825 1185 218
826 514 616
827 449 44
828 588 832
829 1900 599
830 1272 352
831 1304 794
832 1754 864
833 216 66
834 1672 790
835 905 976
836 1397 905
837 1179 81
838 958 805
839 1383 413
840 1941 385
841 2045 437
842 1921 756
843 1937 628
844 1208 753
845 1340 463
846 1577 931
847 706 807
848 542 163
849 1164 31
850 1538 780
851 807 965
852 1902 552
853 1269 951
854 347 239
855 1529 164
856 191 110
857 1975 332
858 1697 514
859 1586 539
860 1235 933
861 80 850
862 1164 795
863 867 343
864 1239 290
865 906 541
866 1287 256
867 956 39
868 1259 7
869 853 289
870 286 26
871 740 880
872 1216 764
873 1215 656
874 1564 798
875 1262 123
876 2059 153
877 743 905
878 733 851
879 595 744
880 841 415
881 1373 176
882 1543 429
883 1431 137
884 1265 964
885 1462 160
886 137 411
887 1590 533
888 1111 259
889 297 389
890 734 436
891 863 693
892 593 608
893 515 830
894 531 260
895 1832 991
896 1127 533
897 159 322
898 1668 796
899 2040 115
900 700 517
901 1968 569
902 657 825
903 250 846
904 840 286
905 931 923
906 1835 241
907 1822 92
908 1721 741
909 1056 598
910 1304 18
911 201 55
912 567 357
913 138 818
914 836 781
915 194 558
916 1449 952
917 2027 609
918 1893 147
919 1014 676
920 245 844
921 475 722
922 1555 26
923 1306 586
924 1061 32
925 797 478
926 1665 940
927 2022 679
928 529 329
929 651 482
930 135 874
931 289 211
932 449 349
933 1052 558
934 33 754
935 950 568
936 1642 787
937 543 179
938 317 572
939 631 801
940 1055 136
941 1008 619
942 1567 911
943 588 789
944 961 206
945 1307 494
946 1748 887
947 73 26
948 1716 282
949 2030 383
950 127 154
951 1597 527
952 1319 948
953 1332 489
954 1519 705
955 351 213
956 1796 773
957 621 483
958 1423 580
959 1702 867
960 1075 344
961 406 206
962 1665 237
963 2028 277
964 1074 139
965 955 214
966 1561 92
967 1198 810
968 416 706
969 1449 355
970 951 654
971 429 151
972 720 734
973 73 882
974 1713 256
975 755 458
976 714 843
977 563 48
978 264 38
979 2049 785
980 1336 676
981 1770 366
982 1899 820
983 1401 251
984 1934 138
985 6 724
986 1922 2
987 2032 577
988 1555 198
989 1055 164
990 1293 317
991 191 403
992 1847 101
993 1922 362
994 1471 171
995 1481 87
996 1211 240
997 1612 44
998 1339 22
999 2030 372
1000 1832 200
1001 164 585
1002 336 925
1003 1301 597
1004 1214 968
1005 919 107
1006 1112 231
1007 830 597
1008 1596 732
1009 1675 104
1010 1252 211
1011 396 262
1012 907 744
1013 1319 784
1014 970 543
1015 1838 250
1016 711 159
1017 1889 984
1018 626 292
1019 822 380
1020 688 743
1021 488 276
1022 123 586
1023 2060 88
1024 1825 680
1025 116 765
1026 1492 163
1027 1810 943
1028 1882 592
1029 601 960
1030 424 677
1031 153 741
1032 421 667
1033 1286 792
1034 172 590
1035 33 138
1036 1018 527
1037 1841 169
1038 1440 513
1039 1960 654
1040 2068 566
1041 516 591
1042 259 183
1043 1083 577
1044 1555 932
1045 1662 925
1046 1222 392
1047 1328 266
1048 1669 505
1049 375 32
1050 456 782
1051 772 511
1052 394 148
1053 1476 217
1054 660 682
1055 405 315
1056 1610 803
1057 948 64
1058 653 81
1059 524 225
1060 1839 910
1061 203 614
1062 403 411
1063 152 297
1064 1999 964
1065 1611 997
1066 1485 222
1067 595 533
1068 2042 473
1069 487 683
1070 498 320
1071 1672 743
1072 408 340
1073 1147 125
1074 23 913
1075 844 713
1076 1679 791
1077 488 534
1078 1469 472
1079 642 447
1080 648 201
1081 830 295
1082 1811 915
1083 542 461
1084 671 201
1085 922 483
1086 646 162
1087 833 898
1088 850 655
1089 1109 45
1090 286 154
1091 1466 230
1092 895 458
1093 4 760
1094 62 481
1095 728 116
1096 1413 34
1097 707 821
1098 1333 71
1099 1965 476
1100 1348 957
1101 1060 934
1102 558 493
1103 1324 220
1104 53 372
1105 151 851
1106 1303 924
1107 994 956
1108 1354 444
1109 1756 26
1110 830 982
1111 1606 551
1112 1598 164
1113 1780 737
1114 1512 77
1115 1618 739
1116 1707 676
1117 212 621
1118 986 737
1119 1479 542
1120 1307 182
1121 2061 624
1122 1842 361
1123 67 149
1124 1612 769
1125 119 196
1126 1874 864
1127 1615 905
1128 423 649
1129 1543 27
1130 1234 493
1131 1010 11
1132 850 760
1133 705 824
1134 1870 584
1135 1635 648
1136 863 497
1137 307 529
1138 1712 987
1139 1604 455
1140 830 547
1141 332 746
1142 1567 14
1143 357 304
1144 832 284
1145 1384 932
1146 1238 147
1147 1434 499
1148 1730 771
1149 843 421
1150 225 738
1151 1818 411
1152 1116 634
1153 1642 592
1154 1777 563
1155 1135 547
1156 1544 802
1157 93 572
1158 1757 849
1159 920 185
1160 250 828
1161 375 773
1162 1750 926
1163 594 101
1164 266 184
1165 1449 327
1166 286 453
1167 516 916
1168 458 767
1169 953 374
1170 1584 389
1171 1638 62
1172 1496 847
1173 826 465
1174 1608 231
1175 43 171
1176 180 902
1177 1782 923
1178 1 258
1179 819 216
1180 500 225
1181 922 716
1182 1824 970
1183 750 405
1184 1743 595
1185 900 8
1186 1596 156
1187 137 415
1188 71 745
1189 1148 124
1190 1106 846
1191 649 394
1192 926 453
1193 77 544
1194 1361 349
1195 2049 151
1196 130 30
1197 1465 957
1198 1909 294
1199 849 962
1200 316 758
1201 216 971
1202 1766 812
1203 1101 619
1204 2042 554
1205 1825 711
1206 1600 782
1207 945 274
1208 872 902
1209 713 916
1210 1707 671
1211 1144 197
1212 1040 760
1213 361 928
1214 1328 141
1215 120 429
1216 1757 431
1217 130 338
1218 2037 987
1219 628 485
1220 169 158
1221 429 501
1222 1950 836
1223 16 155
1224 1330 512
1225 544 267
1226 325 520
1227 1806 374
1228 598 931
1229 2059 735
1230 1919 258
1231 1420 385
1232 173 437
1233 1321 867
1234 808 886
1235 1878 792
1236 299 815
1237 1905 799
1238 29 8
1239 254 811
1240 898 258
1241 1387 869
1242 848 583
1243 127 194
1244 291 733
1245 1567 885
1246 707 94
1247 399 678
1248 2005 560
1249 1679 342
1250 1020 337
1251 704 616
1252 1107 432
1253 986 904
1254 1790 230
1255 1590 527
1256 132 159
1257 943 50
1258 145 15
1259 52 29
1260 1763 69
1261 1645 130
1262 1036 615
1263 1323 397
1264 480 503
1265 886 368
1266 739 141
1267 341 110
1268 1 430
1269 957 520
1270 93 975
1271 1206 864
1272 1387 971
1273 1479 717
1274 1311 780
1275 526 439
1276 484 7
1277 1685 997
1278 1777 700
1279 1378 477
1280 275 762
1281 213 359
1282 963 326
1283 118 594
1284 1783 321
1285 1249 981
1286 311 710
1287 1577 798
1288 1543 695
1289 135 674
1290 1603 97
1291 1666 865
1292 1316 623
1293 566 14
1294 1625 562
1295 1985 435
1296 610 910
1297 1567 349
1298 621 923
1299 1238 699
1300 701 335
1301 781 468
1302 1825 140
1303 2032 711
1304 1650 928
1305 1855 375
1306 820 593
1307 246 896
1308 1581 893
1309 657 57
1310 1829 938
1311 1812 693
1312 779 928
1313 844 973
1314 1358 495
1315 312 36
1316 733 424
1317 1955 118
1318 89 515
1319 1634 896
1320 1041 602
1321 471 882
1322 878 826
1323 1783 154
1324 1643 415
1325 2054 231
1326 2072 170
1327 1319 268
1328 972 791
1329 1963 174
1330 1051 426
1331 382 213
1332 1493 925
1333 808 136
1334 61 135
1335 1714 240
1336 1137 368
1337 1671 90
1338 1626 910
1339 539 343
1340 910 305
1341 887 24
1342 1342 858
1343 993 395
1344 1700 1000
1345 373 812
1346 5 252
1347 1527 103
1348 654 17
1349 658 683
1350 1884 772
1351 1836 588
1352 367 800
1353 812 379
1354 125 362
1355 362 459
1356 228 965
1357 271 477
1358 441 316
1359 2052 726
1360 693 618
1361 1558 602
1362 781 475
1363 1653 815
1364 1536 403
1365 1250 95
1366 945 446
1367 1466 769
1368 631 964
1369 1949 58
1370 961 784
1371 929 267
1372 417 553
1373 1567 709
1374 867 857
1375 936 842
1376 1659 667
1377 1336 461
1378 1086 286
1379 177 191
1380 847 734
1381 1980 4
1382 1662 730
1383 1117 406
1384 465 55
1385 1084 437
1386 507 759
1387 903 782
1388 238 662
1389 364 264
1390 1540 15
1391 461 888
1392 1698 391
1393 1118 163
1394 367 838
1395 59 886
1396 831 808
1397 1539 694
1398 1302 850
1399 160 904
1400 1503 896
1401 88 61
1402 1447 946
1403 1562 794
1404 881 612
1405 43 361
1406 1530 439
1407 1588 388
1408 1481 290
1409 609 649
1410 1948 668
1411 1675 337
1412 132 524
1413 2077 583
1414 1325 518
1415 2002 892
1416 513 182
1417 750 3
1418 1658 269
1419 1821 308
1420 1806 269
1421 1970 438
1422 555 100
1423 2083 417
1424 1454 529
1425 4 638
1426 997 589
1427 713 149
1428 794 416
1429 1151 663
1430 1027 558
1431 1131 911
1432 1588 80
1433 2020 697
1434 2009 488
1435 395 97
1436 200 68
1437 1189 872
1438 1030 459
1439 1333 274
1440 306 204
1441 1085 749
1442 1478 749
1443 302 688
1444 2060 548
1445 1830 804
1446 1618 883
1447 2035 587
1448 383 474
1449 329 381
1450 1838 342
1451 258 560
1452 1031 822
1453 685 554
1454 691 838
1455 1393 968
1456 147 299
1457 1860 741
1458 1894 140
1459 554 727
1460 2049 326
1461 1036 119
1462 1389 849
1463 779 350
1464 876 513
1465 1592 361
1466 207 92
1467 1253 428
1468 1295 264
1469 611 832
1470 1574 417
1471 1267 219
1472 2032 631
1473 1758 288
1474 1028 670
1475 1718 478
1476 719 677
1477 920 199
1478 448 736
1479 1930 115
1480 874 505
1481 1912 631
1482 2082 949
1483 1168 318
1484 44 4
1485 1630 633
1486 985 705
1487 492 39
1488 17 490
1489 1567 668
1490 958 945
1491 688 155
1492 1781 674
1493 420 138
1494 1639 913
1495 1750 720
1496 1442 820
1497 495 687
1498 1431 75
1499 1935 652
1500 863 873
1501 347 124
1502 78 811
1503 903 207
1504 126 598
1505 700 717
1506 601 693
1507 223 520
1508 1131 863
1509 860 71
1510 1872 2
1511 1732 320
1512 918 983
1513 440 849
1514 1431 392
1515 108 778
1516 909 853
1517 447 858
1518 323 125
1519 1598 817
1520 1908 84
1521 930 497
1522 803 269
1523 1536 785
1524 302 477
1525 171 597
1526 599 223
1527 654 889
1528 1215 988
1529 2025 397
1530 1657 485
1531 1952 299
1532 1743 777
1533 653 787
1534 1760 582
1535 426 4
1536 196 232
1537 571 69
1538 597 852
1539 1056 256
1540 615 385
1541 480 74
1542 1586 218
1543 815 836
1544 125 979
1545 365 907
1546 1271 660
1547 1972 378
1548 50 702
1549 64 905
1550 607 767
1551 369 446
1552 729 520
1553 349 631
1554 260 343
1555 320 611
1556 1087 34
1557 622 811
1558 321 97
1559 1950 625
1560 773 331
1561 1576 850
1562 1717 955
1563 969 12
1564 1136 699
1565 2036 621
1566 2018 893
1567 1416 677
1568 315 959
1569 38 745
1570 670 895
1571 1181 399
1572 729 639
1573 662 293
1574 395 376
1575 309 325
1576 1203 844
1577 1137 516
1578 16 190
1579 222 556
1580 1835 154
1581 1468 571
1582 624 554
1583 1082 848
1584 1942 714
1585 307 771
1586 865 155
1587 40 109
1588 1726 632
1589 1402 465
1590 568 574
1591 132 192
1592 325 205
1593 88 589
1594 601 117
1595 936 70
1596 1927 578
1597 831 440
1598 1326 909
1599 1170 466
1600 560 872
1601 500 775
1602 981 79
1603 119 123
1604 409 98
1605 532 792
1606 311 567
1607 1263 722
1608 1694 63
1609 1068 233
1610 2053 681
1611 1285 712
1612 33 107
1613 588 537
1614 1516 859
1615 1316 573
1616 581 256
1617 123 749
1618 643 571
1619 765 952
1620 1420 221
1621 25 438
1622 1591 685
1623 719 645
1624 524 948
1625 1505 506
1626 553 920
1627 1408 420
1628 911 388
1629 92 497
1630 778 648
1631 392 949
1632 1884 870
1633 1949 148
1634 553 51
1635 2029 774
1636 233 632
1637 1011 417
1638 195 260
1639 1996 848
1640 1910 537
1641 1908 770
1642 1475 164
1643 1469 456
1644 430 13
1645 1258 601
1646 1223 4
1647 1144 30
1648 211 12
1649 1094 824
1650 272 350
1651 513 648
1652 621 103
1653 167 415
1654 918 345
1655 649 89
1656 1862 578
1657 891 35
1658 215 577
1659 2044 913
1660 62 895
1661 1377 573
1662 346 754
1663 1402 642
1664 85 68
1665 1912 157
1666 1584 726
1667 659 138
1668 1972 855
1669 931 448
1670 478 190
1671 1430 519
1672 1202 632
1673 84 184
1674 903 263
1675 747 606
1676 93 844
1677 1141 391
1678 821 742
1679 289 772
1680 949 11
1681 342 725
1682 1275 453
1683 1443 710
1684 745 383
1685 732 319
1686 1475 803
1687 629 746
1688 1090 931
1689 416 554
1690 1149 487
1691 300 874
1692 1032 932
1693 436 220
1694 14 884
1695 655 392
1696 448 466
1697 622 341
1698 683 76
1699 865 703
1700 1828 929
1701 1948 983
1702 1237 581
1703 401 971
1704 1351 238
1705 1711 353
1706 1336 519
1707 1237 860
1708 283 117
1709 1112 329
1710 638 170
1711 748 980
1712 1969 394
1713 1915 556
1714 1641 311
1715 1760 764
1716 862 642
1717 795 451
1718 414 270
1719 1638 730
1720 318 83
1721 37 451
1722 1639 507
1723 1196 424
1724 458 713
1725 1307 185
1726 1520 807
1727 1629 460
1728 1663 142
1729 1277 812
1730 1690 185
1731 708 424
1732 1486 708
1733 1823 316
1734 1599 888
1735 488 180
1736 1382 279
1737 1131 597
1738 445 505
1739 2005 803
1740 402 690
1741 595 989
1742 1510 736
1743 1929 726
1744 1210 362
1745 997 421
1746 837 686
1747 711 368
1748 821 422
1749 1924 96
1750 117 490
1751 1417 482
1752 1445 308
1753 37 680
1754 1457 326
1755 1156 425
1756 517 660
1757 503 753
1758 803 542
1759 1690 823
1760 2038 523
1761 1547 303
1762 1953 740
1763 917 919
1764 1066 812
1765 605 221
1766 530 124
1767 1630 306
1768 217 318
1769 1328 892
1770 1046 23
1771 707 408
1772 1246 410
1773 620 796
1774 881 245
1775 1781 188
1776 2037 738
1777 407 403
1778 1878 758
1779 1183 209
1780 469 432
1781 1985 212
1782 916 807
1783 622 319
1784 1428 853
1785 1031 199
1786 533 806
1787 112 706
1788 1885 307
1789 1788 280
1790 680 48
1791 1014 206
1792 102 869
1793 1522 296
1794 1946 61
1795 239 711
1796 71 409
1797 1866 728
1798 1190 975
1799 1747 781
1800 1918 694
1801 729 217
1802 1160 767
1803 1321 787
1804 1006 565
1805 752 701
1806 868 324
1807 1932 844
1808 1402 371
1809 793 408
1810 1885 912
1811 71 756
1812 230 634
1813 1012 566
1814 666 925
1815 602 66
1816 147 924
1817 1972 328
1818 456 958
1819 400 632
1820 1483 630
1821 990 110
1822 198 785
1823 491 599
1824 424 807
1825 382 755
1826 432 498
1827 1471 178
1828 869 936
1829 2025 67
1830 367 403
