44 46
2 1 9
3 2 8
4 2 10
5 1 1
6 2 1
7 2 6
8 4 3
9 3 10
10 1 7
11 7 6
12 1 6
13 7 10
14 4 7
15 7 6
16 8 2
17 6 6
18 10 3
19 16 10
20 16 3
21 6 9
22 14 8
23 21 4
24 12 5
25 4 7
26 2 2
27 5 3
28 24 1
29 12 9
30 10 9
31 29 5
32 29 2
33 2 7
34 11 7
35 15 9
36 4 4
37 30 2
38 27 2
39 33 6
40 26 3
41 16 5
42 39 6
43 20 2
44 4 7
3 43
1 37 44
3 20
3 38
2 11 19
1 3 34
1 34 35
3 18
3 31
2 27 27
3 23
1 15 29
3 25
3 11
2 37 44
1 20 40
2 18 30
3 17
2 19 39
2 14 25
3 33
2 20 33
2 16 42
3 30
3 10
1 2 8
3 34
2 15 38
1 5 31
1 21 31
3 1
3 41
2 17 21
3 3
3 12
1 18 37
2 3 30
3 5
3 2
2 13 18
3 13
3 12
3 25
3 3
3 44
1 21 22
